0 0.318411 0.157003 0.341740 0.023194
0 0.700504 0.151204 0.281211 0.022302
0 0.205549 0.181088 0.199243 0.021409
0 0.252837 0.268956 0.197982 0.015165
0 0.268600 0.291704 0.214376 0.017841
0 0.294451 0.417484 0.344262 0.023194
0 0.641866 0.414808 0.305170 0.019625
0 0.328499 0.435326 0.243380 0.016057
0 0.236444 0.510705 0.155107 0.015165
0 0.244641 0.524978 0.161412 0.015165
0 0.742119 0.685103 0.301387 0.032114
0 0.745271 0.708296 0.300126 0.016057
0 0.749054 0.735950 0.307692 0.021409
0 0.749685 0.752453 0.313997 0.015165
3 0.807692 0.504460 0.228247 0.045495
3 0.247163 0.684211 0.327869 0.032114
3 0.246532 0.730152 0.336696 0.031222
