0 0.168895 0.649433 0.013369 0.627995
0 0.214795 0.737705 0.014260 0.441362
0 0.215241 0.282472 0.015152 0.421185
2 0.168449 0.303909 0.012478 0.012610
2 0.170677 0.226356 0.016934 0.021438
0 0.259804 0.843632 0.025847 0.229508
0 0.260695 0.491173 0.013369 0.283733
1 0.261586 0.307692 0.009804 0.017654
0 0.306150 0.508827 0.013369 0.889029
0 0.352496 0.511349 0.016934 0.883985
0 0.398841 0.513871 0.016934 0.868852
2 0.483957 0.949559 0.012478 0.017654
0 0.530303 0.924968 0.023173 0.054224
0 0.528966 0.853720 0.027629 0.035309
0 0.529412 0.773014 0.026738 0.078184
0 0.483066 0.590794 0.012478 0.119798
0 0.483066 0.422446 0.014260 0.118537
2 0.513369 0.660782 0.012478 0.015132
2 0.527629 0.660782 0.007130 0.022699
2 0.543672 0.659521 0.014260 0.015132
0 0.562389 0.423707 0.016043 0.116015
2 0.564617 0.949559 0.011586 0.012610
0 0.557487 0.276166 0.020499 0.098361
0 0.580214 0.278689 0.017825 0.100883
0 0.602496 0.279319 0.017825 0.099622
0 0.625223 0.277427 0.016934 0.098361
0 0.649287 0.278689 0.016934 0.100883
0 0.671569 0.276797 0.016934 0.099622
0 0.696078 0.279950 0.016043 0.105927
0 0.557932 0.165195 0.010695 0.065574
0 0.557932 0.078184 0.010695 0.050441
0 0.581551 0.162043 0.013369 0.071879
0 0.580660 0.081337 0.011586 0.049180
0 0.603387 0.162673 0.010695 0.065574
0 0.604278 0.079445 0.012478 0.047919
0 0.627451 0.162043 0.010695 0.066835
0 0.627451 0.081337 0.010695 0.049180
0 0.649733 0.163304 0.014260 0.069357
0 0.651070 0.078815 0.015152 0.049180
0 0.674688 0.158890 0.012478 0.065574
0 0.677362 0.081967 0.010695 0.050441
0 0.696524 0.162673 0.011586 0.070618
0 0.697861 0.079445 0.010695 0.055485
0 0.726827 0.162673 0.013369 0.065574
0 0.728164 0.079445 0.010695 0.047919
0 0.728164 0.760404 0.017825 0.234552
0 0.727718 0.499369 0.011586 0.126103
3 0.720143 0.922446 0.010695 0.051702
0 0.811943 0.720050 0.016043 0.469105
0 0.854278 0.815889 0.015152 0.277427
0 0.855615 0.564943 0.008913 0.166456
0 0.855615 0.423077 0.019608 0.081967
0 0.854278 0.213115 0.011586 0.300126
2 0.814171 0.450189 0.015152 0.015132
2 0.815062 0.368852 0.011586 0.013871
