0 0.831105 0.320303 0.020499 0.552333
2 0.828877 0.691047 0.014260 0.015132
2 0.829768 0.771753 0.014260 0.020177
0 0.784759 0.252207 0.018717 0.401009
0 0.782531 0.730769 0.019608 0.435057
0 0.740642 0.155107 0.026738 0.229508
0 0.738414 0.500631 0.018717 0.279950
1 0.738414 0.690416 0.016934 0.016393
0 0.471480 0.075032 0.026738 0.059269
0 0.471480 0.146280 0.026738 0.035309
0 0.469697 0.226356 0.023173 0.071879
2 0.517825 0.049811 0.014260 0.016393
2 0.459447 0.339218 0.011586 0.015132
2 0.474599 0.338588 0.009804 0.013871
2 0.488414 0.337957 0.010695 0.017654
0 0.519162 0.408575 0.009804 0.126103
0 0.519608 0.576293 0.010695 0.126103
0 0.438948 0.575662 0.011586 0.124842
2 0.437166 0.049180 0.013369 0.017654
0 0.274955 0.233922 0.015152 0.248424
0 0.274510 0.494956 0.014260 0.134931
3 0.281640 0.071248 0.010695 0.061791
0 0.186720 0.278058 0.015152 0.457755
0 0.145276 0.180328 0.017825 0.272383
0 0.146613 0.430643 0.015152 0.150063
0 0.145276 0.576923 0.016043 0.079445
0 0.145722 0.790668 0.015152 0.307692
0 0.602496 0.500631 0.021390 0.897856
0 0.645276 0.501261 0.019608 0.901639
0 0.692068 0.506305 0.018717 0.894073
0 0.443405 0.836696 0.013369 0.069357
0 0.446524 0.916772 0.012478 0.055485
0 0.420677 0.836066 0.010695 0.070618
0 0.422014 0.913619 0.013369 0.049180
0 0.395722 0.839218 0.010695 0.076923
0 0.396168 0.918033 0.009804 0.052963
0 0.372995 0.836696 0.011586 0.071879
0 0.374777 0.917402 0.011586 0.049180
0 0.351604 0.838588 0.011586 0.078184
0 0.350713 0.921185 0.015152 0.059269
0 0.326649 0.837957 0.013369 0.081967
0 0.327094 0.921185 0.014260 0.056747
0 0.304367 0.834805 0.011586 0.078184
0 0.302585 0.920555 0.011586 0.055485
0 0.274510 0.834805 0.014260 0.065574
0 0.272727 0.923077 0.012478 0.063052
0 0.445187 0.721942 0.020499 0.107188
0 0.419786 0.718789 0.017825 0.100883
0 0.397950 0.720050 0.015152 0.100883
0 0.373440 0.721942 0.017825 0.102144
0 0.349822 0.717528 0.013369 0.103405
0 0.328431 0.717528 0.015152 0.098361
0 0.303476 0.721942 0.016934 0.102144
2 0.187166 0.548550 0.016043 0.015132
2 0.186720 0.629256 0.013369 0.020177
