0 0.449559 0.190455 0.364439 0.024086
0 0.450820 0.220785 0.366961 0.029438
0 0.423707 0.307315 0.413619 0.027654
0 0.473518 0.337645 0.412358 0.027654
0 0.498108 0.365299 0.451450 0.027654
0 0.506305 0.396075 0.475410 0.028546
0 0.516393 0.425959 0.493064 0.025870
0 0.624842 0.454951 0.490542 0.028546
0 0.633039 0.485281 0.517024 0.024978
0 0.643127 0.517841 0.511980 0.022302
0 0.645649 0.549509 0.519546 0.023194
0 0.651955 0.583854 0.524590 0.025870
0 0.652585 0.614184 0.528373 0.025870
0 0.655738 0.648082 0.534678 0.025870
3 0.651955 0.759590 0.448928 0.038359
