0 0.833544 0.143622 0.090794 0.019625
0 0.657629 0.247101 0.079445 0.024978
0 0.319042 0.169938 0.264817 0.027654
0 0.533417 0.479929 0.055485 0.024978
0 0.250946 0.497770 0.156368 0.016057
0 0.348045 0.574041 0.105927 0.020517
0 0.305801 0.588314 0.132409 0.018733
0 0.316520 0.638269 0.181589 0.018733
0 0.337957 0.656557 0.191677 0.019625
0 0.327238 0.675290 0.228247 0.023194
0 0.658260 0.572257 0.184111 0.020517
0 0.668979 0.588760 0.167718 0.017841
0 0.674653 0.640946 0.189155 0.018733
0 0.700504 0.657895 0.203026 0.020517
0 0.696091 0.670830 0.249685 0.019625
3 0.346154 0.557092 0.167718 0.027654
3 0.707440 0.552186 0.199243 0.026762
3 0.348045 0.624442 0.181589 0.016057
3 0.729508 0.621320 0.228247 0.024086
