0 0.135472 0.165195 0.024955 0.080706
0 0.241979 0.335435 0.025847 0.063052
0 0.497326 0.754098 0.010695 0.136192
0 0.480838 0.461538 0.013369 0.035309
3 0.509358 0.196721 0.025847 0.121059
3 0.549911 0.680328 0.023173 0.109710
3 0.550802 0.329130 0.021390 0.108449
3 0.618093 0.316520 0.018717 0.100883
3 0.622103 0.677806 0.012478 0.102144
0 0.572638 0.345523 0.009804 0.141236
0 0.587790 0.337957 0.008021 0.126103
0 0.572193 0.651324 0.008913 0.087011
0 0.589127 0.677175 0.010695 0.126103
0 0.639483 0.338588 0.011586 0.129887
0 0.658200 0.314628 0.015152 0.132409
0 0.677362 0.329130 0.014260 0.166456
0 0.639037 0.680328 0.014260 0.157629
0 0.657754 0.669609 0.010695 0.143758
0 0.675579 0.679067 0.012478 0.167718
