0 0.504011 0.246532 0.011586 0.137453
0 0.521836 0.536570 0.015152 0.039092
3 0.446078 0.670870 0.011586 0.118537
3 0.447861 0.327238 0.015152 0.114754
0 0.428699 0.337327 0.010695 0.071879
0 0.409982 0.308323 0.012478 0.117276
0 0.427807 0.657629 0.010695 0.155107
0 0.412210 0.671501 0.008021 0.147541
3 0.492424 0.792560 0.022282 0.119798
0 0.756239 0.662673 0.015152 0.064313
0 0.862299 0.829760 0.018717 0.075662
3 0.383244 0.688525 0.017825 0.123581
3 0.383690 0.320933 0.022282 0.104666
0 0.326203 0.271753 0.012478 0.089533
0 0.343137 0.288146 0.008913 0.071879
0 0.360071 0.279319 0.008913 0.087011
0 0.323975 0.623581 0.015152 0.089533
0 0.344029 0.668348 0.016043 0.110971
0 0.361408 0.662043 0.008021 0.136192
