0 0.383354 0.117306 0.496847 0.025870
0 0.786885 0.150758 0.199243 0.021409
0 0.252207 0.185103 0.060530 0.018733
0 0.386507 0.181980 0.069357 0.016057
0 0.621059 0.178412 0.059269 0.016057
0 0.520177 0.251561 0.808323 0.055308
0 0.228878 0.355040 0.182850 0.023194
0 0.525851 0.354594 0.196721 0.020517
0 0.294451 0.533898 0.306431 0.018733
0 0.252837 0.578055 0.061791 0.017841
0 0.395965 0.577609 0.075662 0.015165
0 0.617907 0.572703 0.042875 0.023194
0 0.518916 0.653434 0.803279 0.068689
0 0.234552 0.764050 0.179067 0.020517
0 0.528373 0.760928 0.199243 0.023194
3 0.568096 0.370651 0.409836 0.015165
3 0.573770 0.782337 0.418663 0.019625
