0 0.287990 0.169508 0.257353 0.026515
0 0.303309 0.191761 0.283088 0.019886
0 0.320466 0.214015 0.278186 0.026515
0 0.257966 0.234848 0.273284 0.024621
0 0.291667 0.262311 0.267157 0.026515
0 0.740809 0.145360 0.199755 0.025568
0 0.794118 0.169508 0.151961 0.020833
0 0.746324 0.190814 0.095588 0.023674
0 0.748162 0.217330 0.087010 0.025568
0 0.746324 0.237689 0.098039 0.020833
0 0.740809 0.261364 0.104167 0.020833
0 0.511029 0.535985 0.877451 0.356061
0 0.509804 0.757576 0.887255 0.053030
0 0.509804 0.829545 0.882353 0.062500
0 0.509804 0.898201 0.879902 0.042614
0 0.259191 0.937027 0.187500 0.031250
0 0.822917 0.937027 0.209559 0.029356
3 0.544730 0.939867 0.172794 0.025568
