0 0.799496 0.251783 0.327869 0.024064
0 0.798865 0.277184 0.329130 0.024955
0 0.801387 0.407754 0.324086 0.024064
0 0.802018 0.431818 0.322825 0.024064
0 0.739596 0.538770 0.447667 0.024064
0 0.800757 0.612745 0.330391 0.024064
0 0.799496 0.638592 0.327869 0.024064
0 0.889029 0.664439 0.148802 0.024064
0 0.797604 0.719697 0.329130 0.025847
0 0.800757 0.745989 0.330391 0.023173
0 0.889660 0.771836 0.147541 0.024955
0 0.322194 0.928253 0.319042 0.024064
0 0.323455 0.955882 0.319042 0.024064
1 0.657629 0.197415 0.031526 0.020499
