0 0.207721 0.166295 0.243873 0.018601
0 0.313113 0.205357 0.278186 0.022321
0 0.723039 0.205729 0.360294 0.021577
0 0.700368 0.248140 0.162990 0.024554
0 0.462010 0.248884 0.208333 0.021577
0 0.481618 0.420015 0.220588 0.017113
0 0.555760 0.470982 0.238971 0.016369
0 0.338235 0.485119 0.227941 0.016369
0 0.601103 0.510789 0.204657 0.014137
0 0.314951 0.523810 0.186275 0.016369
0 0.647059 0.724702 0.254902 0.014881
0 0.684436 0.753348 0.278186 0.015625
0 0.234069 0.754836 0.213235 0.015625
0 0.269608 0.770833 0.198529 0.014881
0 0.243873 0.795759 0.232843 0.018601
0 0.851716 0.119048 0.139706 0.017857
3 0.712010 0.806548 0.323529 0.037202
3 0.757353 0.350818 0.291667 0.027530
3 0.253676 0.696429 0.325980 0.025298
