0 0.498162 0.757576 0.947304 0.049242
0 0.113358 0.954545 0.087010 0.035985
0 0.224265 0.955492 0.102941 0.037879
0 0.365809 0.954545 0.099265 0.041667
0 0.462010 0.952652 0.100490 0.037879
0 0.558824 0.953598 0.098039 0.041667
0 0.654412 0.953598 0.102941 0.041667
0 0.841912 0.946023 0.083333 0.015152
0 0.849265 0.964489 0.071078 0.016098
0 0.931373 0.954545 0.075980 0.041667
0 0.510417 0.288352 0.202206 0.021780
0 0.748162 0.217330 0.158088 0.021780
0 0.911765 0.212595 0.129902 0.035038
0 0.705270 0.108902 0.185049 0.026515
0 0.878064 0.108902 0.182598 0.024621
0 0.544118 0.075758 0.154412 0.022727
0 0.839461 0.044508 0.105392 0.020833
0 0.909314 0.045455 0.046569 0.022727
0 0.947917 0.044508 0.050245 0.022727
0 0.320466 0.108902 0.591912 0.022727
1 0.632966 0.076705 0.023284 0.017045
1 0.716912 0.075758 0.019608 0.017045
1 0.808211 0.076705 0.020833 0.015152
1 0.901961 0.075758 0.017157 0.015152
1 0.077819 0.140152 0.020833 0.017045
1 0.077819 0.159564 0.020833 0.017992
1 0.077819 0.184186 0.020833 0.016098
1 0.077206 0.202652 0.019608 0.015152
1 0.077819 0.227273 0.020833 0.017045
1 0.077206 0.247633 0.022059 0.016098
1 0.077206 0.266098 0.022059 0.017045
1 0.077206 0.290720 0.019608 0.015152
1 0.079657 0.311080 0.022059 0.016098
1 0.240809 0.140152 0.023284 0.018939
1 0.240809 0.160511 0.020833 0.016098
1 0.240809 0.184186 0.020833 0.016098
1 0.240809 0.202652 0.023284 0.015152
1 0.241422 0.226326 0.019608 0.015152
1 0.241422 0.248580 0.022059 0.017992
1 0.240809 0.267992 0.020833 0.015152
1 0.240809 0.290720 0.023284 0.017045
1 0.241422 0.311080 0.022059 0.016098
1 0.240809 0.332386 0.023284 0.017045
1 0.419118 0.140152 0.022059 0.017045
1 0.419118 0.163826 0.022059 0.017045
1 0.421569 0.185133 0.022059 0.016098
1 0.417892 0.227273 0.022059 0.017045
1 0.419118 0.247633 0.022059 0.017992
1 0.419118 0.267045 0.019608 0.017045
1 0.686275 0.140152 0.022059 0.015152
1 0.715074 0.161458 0.020833 0.017992
1 0.715074 0.184186 0.020833 0.016098
1 0.688113 0.247633 0.020833 0.016098
1 0.715074 0.267992 0.023284 0.017045
1 0.714461 0.290720 0.022059 0.017045
1 0.794118 0.312027 0.019608 0.016098
1 0.715074 0.332386 0.020833 0.015152
1 0.849265 0.267992 0.022059 0.017045
1 0.849265 0.290720 0.022059 0.015152
1 0.849265 0.312027 0.019608 0.016098
1 0.849265 0.332386 0.022059 0.015152
1 0.077206 0.363636 0.019608 0.017045
1 0.077206 0.387311 0.022059 0.015152
1 0.274510 0.363636 0.022059 0.017045
1 0.274510 0.387311 0.019608 0.017045
1 0.468137 0.364583 0.022059 0.015152
1 0.469363 0.387311 0.019608 0.015152
1 0.582108 0.387311 0.022059 0.017045
1 0.685662 0.363636 0.020833 0.015152
1 0.685662 0.387311 0.023284 0.017045
1 0.849265 0.363636 0.022059 0.015152
1 0.848039 0.387311 0.019608 0.015152
1 0.732843 0.946023 0.019608 0.017045
1 0.732843 0.963542 0.022059 0.016098
1 0.465074 0.857008 0.020833 0.017045
1 0.356618 0.856061 0.022059 0.015152
3 0.262255 0.830492 0.392157 0.020833
3 0.262255 0.907670 0.399510 0.017992
0 0.870711 0.827652 0.180147 0.028409
0 0.876838 0.902936 0.180147 0.033144
