0 0.827540 0.137453 0.015152 0.181589
0 0.828877 0.491803 0.019608 0.464061
0 0.829768 0.858134 0.017825 0.187894
0 0.778075 0.281211 0.016043 0.469105
0 0.777184 0.664565 0.014260 0.176545
0 0.777629 0.850567 0.015152 0.150063
0 0.745098 0.260404 0.014260 0.427491
0 0.743761 0.658890 0.015152 0.167718
0 0.745098 0.856873 0.016043 0.182850
0 0.684046 0.482976 0.036542 0.872636
0 0.639483 0.324086 0.011586 0.269861
0 0.641266 0.782472 0.013369 0.293821
1 0.639483 0.500000 0.009804 0.018916
1 0.639037 0.559269 0.008913 0.021438
1 0.639037 0.053594 0.008913 0.011349
1 0.639037 0.110971 0.010695 0.015132
0 0.588235 0.288777 0.014260 0.481715
0 0.586453 0.660782 0.010695 0.171501
0 0.587790 0.853720 0.013369 0.163934
0 0.558378 0.640605 0.015152 0.600252
0 0.489305 0.493064 0.060606 0.885246
0 0.414884 0.168348 0.011586 0.243380
0 0.413993 0.528373 0.013369 0.388398
0 0.413993 0.859395 0.013369 0.177806
0 0.385918 0.175914 0.012478 0.255990
0 0.386364 0.539092 0.011586 0.412358
0 0.385472 0.863178 0.011586 0.177806
0 0.359180 0.172131 0.010695 0.250946
0 0.360071 0.527743 0.014260 0.379571
0 0.360071 0.861917 0.010695 0.185372
0 0.331105 0.175284 0.013369 0.252207
0 0.330660 0.522068 0.012478 0.368222
0 0.329768 0.855612 0.012478 0.170240
0 0.302139 0.175914 0.010695 0.245902
0 0.301693 0.523960 0.011586 0.374527
0 0.301693 0.852459 0.009804 0.161412
0 0.273173 0.171501 0.009804 0.234552
0 0.274510 0.479193 0.012478 0.287516
0 0.273619 0.851828 0.012478 0.150063
0 0.250891 0.566835 0.018717 0.742749
0 0.219251 0.534048 0.016043 0.430013
0 0.217023 0.858764 0.011586 0.168979
0 0.193850 0.573140 0.018717 0.667087
0 0.163102 0.395334 0.012478 0.682219
0 0.161319 0.859395 0.008913 0.170240
