0 0.142770 0.187027 0.202206 0.027462
0 0.500000 0.187500 0.524510 0.028409
0 0.856005 0.186553 0.202206 0.028409
0 0.308211 0.242898 0.528186 0.025568
0 0.664828 0.242424 0.202206 0.026515
0 0.858456 0.242898 0.197304 0.025568
0 0.309436 0.277462 0.530637 0.024621
0 0.665441 0.276989 0.200980 0.025568
0 0.859069 0.276989 0.200980 0.025568
0 0.500613 0.337121 0.917892 0.068182
0 0.332108 0.391572 0.321078 0.023674
0 0.792279 0.392519 0.346814 0.021780
0 0.308211 0.448864 0.528186 0.024621
0 0.664216 0.448864 0.198529 0.024621
0 0.857843 0.450284 0.196078 0.023674
0 0.501225 0.482955 0.914216 0.024621
0 0.498775 0.548769 0.914216 0.088068
0 0.185662 0.638731 0.285539 0.021780
0 0.542279 0.640152 0.444853 0.020833
0 0.859681 0.640152 0.204657 0.020833
0 0.186275 0.669034 0.284314 0.023674
0 0.543505 0.669508 0.444853 0.022727
0 0.861520 0.670455 0.208333 0.020833
0 0.185662 0.699811 0.283088 0.022727
0 0.542279 0.700284 0.444853 0.023674
0 0.862745 0.698864 0.208333 0.024621
0 0.186275 0.731534 0.279412 0.021780
0 0.543505 0.731534 0.444853 0.021780
0 0.860294 0.730114 0.203431 0.022727
0 0.185662 0.761837 0.283088 0.021780
0 0.543505 0.762311 0.444853 0.020833
0 0.859069 0.762784 0.198529 0.019886
0 0.185662 0.793087 0.283088 0.023674
0 0.543505 0.792614 0.444853 0.020833
0 0.860294 0.793087 0.203431 0.019886
0 0.501838 0.825284 0.917892 0.019886
0 0.404412 0.856061 0.720588 0.020833
0 0.859681 0.856061 0.202206 0.018939
0 0.502451 0.884943 0.916667 0.019886
0 0.404412 0.913352 0.720588 0.021780
0 0.860294 0.914299 0.203431 0.019886
0 0.507353 0.971591 0.926471 0.041667
1 0.052696 0.392519 0.022059 0.014205
1 0.110907 0.392992 0.020833 0.015152
1 0.500613 0.393939 0.018382 0.013258
1 0.558824 0.393939 0.017157 0.015152
