0 0.380407 0.258467 0.203562 0.026738
0 0.379135 0.325312 0.195929 0.023173
0 0.542621 0.418449 0.192112 0.025847
0 0.841603 0.420232 0.187023 0.024064
0 0.606870 0.651515 0.656489 0.024955
0 0.379135 0.714795 0.195929 0.023173
1 0.297710 0.098485 0.033079 0.024064
1 0.604326 0.098485 0.035623 0.024064
1 0.541985 0.626114 0.035623 0.024064
1 0.296438 0.626114 0.035623 0.024064
1 0.296438 0.393494 0.035623 0.024064
1 0.383588 0.393494 0.034351 0.024064
1 0.296438 0.192513 0.035623 0.023173
1 0.296438 0.165330 0.035623 0.024064
