0 0.306985 0.215436 0.386029 0.046402
0 0.689951 0.214489 0.392157 0.046402
0 0.653186 0.278409 0.443627 0.034091
0 0.317402 0.358902 0.409314 0.035985
0 0.728554 0.356061 0.290441 0.035985
0 0.154412 0.412405 0.085784 0.029356
0 0.285539 0.414773 0.115196 0.028409
0 0.315564 0.468277 0.408088 0.033144
0 0.702206 0.466383 0.250000 0.036932
0 0.702206 0.521780 0.240196 0.032197
0 0.702206 0.572917 0.235294 0.035985
0 0.351716 0.687027 0.227941 0.033144
0 0.544118 0.748580 0.367647 0.065341
0 0.346814 0.889205 0.247549 0.030303
3 0.510417 0.849905 0.327206 0.027462
