0 0.730838 0.279319 0.019608 0.087011
0 0.730838 0.387137 0.019608 0.083228
0 0.729501 0.489281 0.016934 0.085750
0 0.641711 0.443253 0.017825 0.311475
0 0.641711 0.770492 0.017825 0.310214
0 0.571301 0.312106 0.017825 0.056747
0 0.571301 0.373266 0.016043 0.052963
0 0.572193 0.448928 0.017825 0.080706
0 0.483066 0.353720 0.021390 0.129887
0 0.482175 0.678436 0.017825 0.494325
0 0.444742 0.440101 0.021390 0.315259
0 0.445187 0.767970 0.016934 0.310214
0 0.359626 0.605296 0.015152 0.627995
0 0.334670 0.603405 0.013369 0.631778
1 0.137701 0.300757 0.022282 0.029004
1 0.139037 0.839218 0.026738 0.029004
1 0.386364 0.298865 0.020499 0.035309
1 0.384581 0.382724 0.016934 0.031526
