1 0.373886 0.298235 0.022282 0.026482
1 0.373886 0.543506 0.020499 0.027743
1 0.606506 0.297604 0.016934 0.027743
1 0.606061 0.383985 0.019608 0.026482
1 0.807487 0.300757 0.021390 0.026482
1 0.834670 0.300757 0.016934 0.029004
1 0.901515 0.297604 0.016934 0.025221
1 0.902406 0.602774 0.018717 0.025221
0 0.740642 0.387137 0.016043 0.166456
0 0.673351 0.393443 0.018717 0.163934
0 0.580660 0.552963 0.018717 0.165195
0 0.579323 0.839218 0.021390 0.172762
0 0.344474 0.606557 0.020499 0.638083
0 0.281640 0.389660 0.016043 0.166456
