1 0.593947 0.098039 0.032787 0.023173
1 0.674653 0.178699 0.032787 0.024064
1 0.673392 0.151070 0.032787 0.024064
1 0.673392 0.124332 0.032787 0.024064
1 0.593947 0.176916 0.032787 0.024064
1 0.593947 0.151070 0.032787 0.024064
1 0.593947 0.124332 0.032787 0.024064
1 0.674653 0.097594 0.032787 0.024064
1 0.674653 0.436275 0.032787 0.024064
1 0.674653 0.409537 0.032787 0.024064
1 0.673392 0.382799 0.032787 0.024064
1 0.593317 0.436275 0.034048 0.024064
1 0.593317 0.409537 0.034048 0.024064
1 0.593317 0.381016 0.034048 0.024064
1 0.630517 0.937166 0.032787 0.024064
1 0.298235 0.937166 0.034048 0.022282
1 0.383354 0.762923 0.032787 0.023173
1 0.297604 0.762478 0.032787 0.024064
