1 0.637453 0.093583 0.031526 0.023173
1 0.781211 0.201872 0.034048 0.022282
1 0.709332 0.201426 0.031526 0.023173
1 0.637453 0.201426 0.031526 0.023173
1 0.709332 0.174688 0.031526 0.023173
1 0.637453 0.173797 0.031526 0.023173
1 0.709332 0.147059 0.031526 0.023173
1 0.637453 0.147059 0.031526 0.023173
1 0.709332 0.120321 0.031526 0.023173
1 0.637453 0.120321 0.031526 0.023173
1 0.709332 0.093583 0.031526 0.023173
1 0.710593 0.228610 0.034048 0.022282
1 0.781211 0.229055 0.034048 0.023173
1 0.779950 0.255793 0.034048 0.023173
1 0.779950 0.282531 0.034048 0.023173
1 0.781211 0.309715 0.034048 0.022282
1 0.781211 0.336453 0.034048 0.022282
1 0.707440 0.442959 0.035309 0.024955
1 0.638714 0.363191 0.034048 0.022282
1 0.709332 0.336453 0.034048 0.022282
1 0.638714 0.336453 0.034048 0.022282
1 0.710593 0.309715 0.036570 0.024064
1 0.638714 0.309715 0.034048 0.022282
1 0.709332 0.282531 0.034048 0.023173
1 0.638714 0.282531 0.034048 0.023173
1 0.710593 0.255348 0.034048 0.022282
1 0.638714 0.255793 0.034048 0.023173
1 0.638714 0.229055 0.034048 0.023173
1 0.706179 0.416221 0.035309 0.024955
1 0.708701 0.389483 0.035309 0.024955
1 0.708701 0.362299 0.035309 0.024064
1 0.708701 0.496881 0.035309 0.024064
1 0.707440 0.524064 0.035309 0.024955
1 0.708701 0.550802 0.035309 0.024955
1 0.708701 0.577540 0.035309 0.024955
1 0.708701 0.606061 0.035309 0.024955
1 0.708701 0.632799 0.035309 0.024955
1 0.779319 0.632799 0.035309 0.024955
1 0.779319 0.604278 0.035309 0.024955
1 0.779319 0.579323 0.035309 0.024955
1 0.636822 0.444742 0.035309 0.024955
1 0.636822 0.469697 0.035309 0.024955
1 0.636822 0.497326 0.035309 0.024955
1 0.636822 0.525847 0.035309 0.024955
1 0.636822 0.550802 0.035309 0.024955
1 0.639344 0.577540 0.035309 0.024955
1 0.638083 0.604278 0.035309 0.024955
1 0.638083 0.632799 0.035309 0.024955
1 0.638083 0.389483 0.035309 0.024955
1 0.779319 0.362745 0.035309 0.024955
1 0.636822 0.418004 0.035309 0.024955
1 0.298865 0.711676 0.035309 0.024064
1 0.370113 0.710784 0.036570 0.024064
