0 0.281211 0.268717 0.090794 0.024064
0 0.384615 0.268717 0.088272 0.024064
0 0.489281 0.269608 0.090794 0.024064
0 0.443253 0.355615 0.321564 0.023173
0 0.770492 0.356952 0.320303 0.024064
0 0.387137 0.427807 0.211854 0.026738
0 0.350567 0.516043 0.138714 0.024955
0 0.677175 0.516043 0.504414 0.024955
0 0.443253 0.553476 0.321564 0.023173
0 0.770492 0.553476 0.320303 0.023173
1 0.299496 0.613636 0.036570 0.024064
1 0.385246 0.612745 0.034048 0.024064
1 0.298865 0.860071 0.032787 0.023173
1 0.836696 0.860071 0.034048 0.026738
