0 0.748162 0.473485 0.388480 0.026515
0 0.839461 0.501420 0.210784 0.027462
0 0.822917 0.546402 0.241422 0.026515
0 0.819853 0.593277 0.240196 0.027462
0 0.337010 0.554924 0.289216 0.028409
0 0.337623 0.616477 0.290441 0.028409
0 0.340074 0.586174 0.290441 0.028409
0 0.287990 0.662879 0.387255 0.026515
0 0.289216 0.707860 0.387255 0.027462
0 0.750613 0.677557 0.388480 0.027462
0 0.811887 0.706439 0.261029 0.026515
0 0.851103 0.738163 0.182598 0.027462
0 0.811887 0.767045 0.261029 0.026515
0 0.289216 0.804924 0.387255 0.026515
0 0.373162 0.849905 0.216912 0.027462
0 0.385417 0.881155 0.192402 0.029356
0 0.287990 0.925189 0.387255 0.026515
0 0.865809 0.797348 0.153186 0.028409
0 0.813113 0.827652 0.258578 0.026515
0 0.641544 0.799716 0.072304 0.027462
0 0.811887 0.858902 0.261029 0.028409
0 0.748162 0.905777 0.388480 0.027462
1 0.566789 0.736742 0.023284 0.018939
1 0.637255 0.736742 0.022059 0.017045
1 0.704657 0.735795 0.022059 0.017045
1 0.281863 0.507576 0.019608 0.017045
1 0.392157 0.507576 0.022059 0.017045
0 0.378676 0.289773 0.210784 0.015152
0 0.379902 0.308712 0.218137 0.013258
0 0.379289 0.325758 0.214461 0.013258
0 0.854779 0.296402 0.158088 0.020833
0 0.855392 0.324811 0.159314 0.017045
0 0.539828 0.396307 0.194853 0.023674
0 0.792892 0.396780 0.276961 0.024621
1 0.254289 0.363163 0.018382 0.010417
