0 0.337623 0.109375 0.292892 0.029356
0 0.337010 0.139678 0.286765 0.025568
0 0.337010 0.169981 0.286765 0.025568
0 0.386642 0.200758 0.189951 0.026515
0 0.288603 0.246686 0.388480 0.027462
0 0.288603 0.427557 0.388480 0.027462
0 0.288603 0.382102 0.388480 0.027462
0 0.287377 0.336648 0.388480 0.027462
0 0.289828 0.291193 0.388480 0.027462
0 0.287377 0.792140 0.388480 0.027462
0 0.287377 0.708807 0.388480 0.027462
0 0.287377 0.511837 0.388480 0.027462
0 0.341912 0.540720 0.281863 0.028409
0 0.340686 0.663826 0.281863 0.028409
0 0.343137 0.633523 0.281863 0.028409
0 0.343137 0.602273 0.281863 0.028409
0 0.391544 0.571023 0.182598 0.028409
0 0.750000 0.215436 0.392157 0.027462
0 0.748775 0.753314 0.392157 0.027462
0 0.750000 0.844223 0.392157 0.027462
0 0.748775 0.580019 0.392157 0.027462
0 0.750000 0.798769 0.392157 0.027462
0 0.748775 0.306345 0.392157 0.027462
0 0.748775 0.260890 0.392157 0.027462
0 0.862132 0.609375 0.162990 0.027462
1 0.107230 0.571496 0.028186 0.019886
1 0.244485 0.572443 0.028186 0.019886
1 0.175858 0.573390 0.028186 0.019886
