0 0.128342 0.645649 0.021390 0.252207
0 0.157308 0.610340 0.020499 0.176545
0 0.183601 0.646910 0.017825 0.252207
0 0.213458 0.592055 0.018717 0.145019
0 0.240196 0.647541 0.022282 0.250946
0 0.268271 0.647541 0.016043 0.250946
0 0.308824 0.708701 0.016934 0.373266
0 0.213012 0.832913 0.023173 0.039092
0 0.467469 0.662043 0.016934 0.274905
0 0.496435 0.658260 0.017825 0.272383
0 0.524955 0.658890 0.016043 0.276166
0 0.551248 0.612863 0.018717 0.181589
0 0.592692 0.706179 0.019608 0.375788
0 0.635027 0.709962 0.016934 0.373266
0 0.676025 0.709332 0.018717 0.374527
0 0.719251 0.706810 0.021390 0.369483
0 0.760250 0.708701 0.019608 0.373266
0 0.073529 0.199243 0.018717 0.282472
0 0.100267 0.199874 0.018717 0.276166
0 0.127451 0.199243 0.017825 0.284994
0 0.156863 0.151955 0.016043 0.172762
0 0.197861 0.247793 0.017825 0.374527
0 0.238414 0.248424 0.015152 0.370744
0 0.281194 0.249054 0.016934 0.374527
0 0.322638 0.249054 0.017825 0.379571
0 0.369875 0.248424 0.019608 0.375788
0 0.412210 0.199874 0.016934 0.283733
0 0.439394 0.202396 0.016043 0.278689
0 0.467023 0.201135 0.017825 0.286255
0 0.495989 0.151324 0.016934 0.181589
0 0.537879 0.248424 0.020499 0.375788
0 0.579323 0.249685 0.019608 0.383354
0 0.619875 0.249685 0.020499 0.383354
0 0.661765 0.249054 0.018717 0.374527
0 0.704100 0.249054 0.016043 0.377049
1 0.155526 0.891551 0.013369 0.017654
1 0.155526 0.822825 0.011586 0.016393
1 0.155971 0.752207 0.012478 0.023960
