0 0.290441 0.177083 0.387255 0.026515
0 0.290441 0.821023 0.387255 0.026515
0 0.286765 0.738636 0.387255 0.026515
0 0.289216 0.648674 0.387255 0.026515
0 0.290441 0.694129 0.387255 0.026515
0 0.289216 0.267992 0.387255 0.026515
0 0.289216 0.457386 0.387255 0.026515
0 0.289216 0.222538 0.387255 0.026515
0 0.750000 0.291667 0.387255 0.026515
0 0.287990 0.868371 0.387255 0.026515
0 0.289216 0.912879 0.387255 0.026515
0 0.205270 0.353220 0.241422 0.026515
0 0.401961 0.488163 0.161765 0.027462
0 0.861520 0.321023 0.161765 0.026515
