0 0.352941 0.139205 0.259804 0.028409
0 0.352941 0.198864 0.259804 0.028409
0 0.351716 0.259470 0.259804 0.028409
0 0.350490 0.291667 0.259804 0.028409
0 0.392157 0.168561 0.181373 0.026515
0 0.406250 0.230114 0.153186 0.026515
0 0.288603 0.336648 0.388480 0.029356
0 0.287377 0.828125 0.388480 0.029356
0 0.288603 0.783617 0.388480 0.029356
0 0.289828 0.738163 0.388480 0.029356
0 0.288603 0.692708 0.388480 0.029356
0 0.287377 0.647254 0.388480 0.029356
0 0.338235 0.509943 0.289216 0.029356
0 0.337010 0.542140 0.289216 0.029356
0 0.338235 0.570549 0.289216 0.029356
0 0.386642 0.602273 0.192402 0.030303
0 0.180147 0.230587 0.075980 0.029356
0 0.798407 0.077178 0.292892 0.029356
0 0.799632 0.109375 0.292892 0.029356
0 0.800858 0.139678 0.292892 0.029356
0 0.848039 0.169981 0.191176 0.027462
0 0.750000 0.214489 0.387255 0.025568
0 0.747549 0.404830 0.387255 0.025568
0 0.748775 0.351799 0.387255 0.025568
0 0.748775 0.306345 0.387255 0.025568
0 0.751225 0.260890 0.387255 0.025568
0 0.798407 0.449811 0.287990 0.028409
0 0.797181 0.509470 0.287990 0.028409
0 0.799632 0.480114 0.287990 0.028409
0 0.848039 0.541193 0.193627 0.027462
0 0.750000 0.586174 0.389706 0.028409
0 0.749387 0.631155 0.386029 0.025568
0 0.750000 0.677083 0.387255 0.026515
0 0.750000 0.723011 0.387255 0.027462
0 0.750000 0.768466 0.389706 0.027462
1 0.107230 0.170455 0.023284 0.020833
1 0.177083 0.170455 0.023284 0.020833
1 0.245711 0.170455 0.023284 0.020833
