0 0.337010 0.238163 0.289216 0.025568
0 0.337010 0.298769 0.289216 0.025568
0 0.337010 0.268466 0.289216 0.025568
0 0.292279 0.818182 0.393382 0.261364
0 0.748775 0.818182 0.392157 0.261364
0 0.290441 0.517519 0.394608 0.241477
0 0.748775 0.517045 0.394608 0.240530
0 0.750000 0.230587 0.392157 0.233902
0 0.373162 0.329072 0.216912 0.029356
0 0.140931 0.381155 0.093137 0.023674
0 0.436275 0.382102 0.093137 0.023674
0 0.287990 0.382102 0.093137 0.023674
0 0.435049 0.669981 0.093137 0.023674
0 0.287990 0.669981 0.093137 0.023674
0 0.142157 0.670928 0.093137 0.023674
0 0.897059 0.669981 0.093137 0.023674
0 0.748775 0.670928 0.093137 0.023674
0 0.601716 0.669981 0.093137 0.023674
0 0.897059 0.382102 0.093137 0.023674
0 0.602328 0.382576 0.096814 0.026515
0 0.748775 0.095170 0.093137 0.023674
0 0.897059 0.095170 0.093137 0.023674
0 0.750000 0.383049 0.093137 0.023674
0 0.602941 0.094223 0.093137 0.023674
