0 0.850267 0.341740 0.019608 0.272383
0 0.823975 0.750315 0.016934 0.385876
0 0.820856 0.387137 0.016043 0.171501
0 0.794563 0.346784 0.016934 0.252207
0 0.781640 0.744641 0.014260 0.374527
0 0.767825 0.406683 0.018717 0.145019
0 0.738859 0.852459 0.016043 0.179067
0 0.711676 0.854981 0.018717 0.166456
0 0.738859 0.354351 0.017825 0.252207
0 0.711676 0.349937 0.020499 0.255990
0 0.683601 0.797604 0.019608 0.281211
0 0.656417 0.798235 0.018717 0.282472
0 0.629679 0.795712 0.016934 0.274905
0 0.599376 0.848045 0.016934 0.180328
0 0.670677 0.286885 0.018717 0.379571
0 0.766934 0.165826 0.016934 0.044136
0 0.556595 0.748424 0.018717 0.377049
0 0.516934 0.834174 0.019608 0.213115
0 0.475490 0.745271 0.020499 0.375788
0 0.400624 0.751576 0.020499 0.375788
0 0.371212 0.813367 0.020499 0.249685
0 0.343137 0.853720 0.017825 0.176545
0 0.315062 0.812106 0.016934 0.249685
0 0.287433 0.865069 0.016934 0.146280
0 0.260250 0.812736 0.017825 0.248424
0 0.232620 0.811475 0.017825 0.245902
0 0.188503 0.747163 0.013369 0.372005
0 0.288324 0.626734 0.018717 0.042875
0 0.336898 0.301387 0.016043 0.348045
0 0.418895 0.303279 0.017825 0.356873
1 0.250000 0.107188 0.015152 0.022699
1 0.285205 0.105927 0.014260 0.017654
1 0.396168 0.106557 0.022282 0.021438
1 0.563725 0.107188 0.018717 0.020177
1 0.583779 0.107818 0.014260 0.021438
1 0.823529 0.104666 0.012478 0.022699
1 0.822638 0.175284 0.014260 0.020177
1 0.821747 0.243380 0.010695 0.022699
1 0.344029 0.566204 0.016043 0.025221
1 0.344029 0.634931 0.023173 0.023960
1 0.344474 0.702396 0.011586 0.022699
