0 0.342525 0.161458 0.280637 0.027462
0 0.390319 0.192235 0.182598 0.028409
0 0.352941 0.222538 0.257353 0.026515
0 0.405025 0.252367 0.150735 0.027462
0 0.351103 0.283144 0.261029 0.028409
0 0.181373 0.252841 0.073529 0.028409
0 0.286765 0.358902 0.387255 0.026515
0 0.303922 0.630208 0.357843 0.027462
0 0.304534 0.721117 0.356618 0.027462
0 0.749387 0.191761 0.388480 0.027462
0 0.748775 0.237216 0.387255 0.027462
0 0.854167 0.283144 0.181373 0.028409
0 0.851716 0.312973 0.181373 0.027462
0 0.797181 0.343277 0.292892 0.027462
0 0.799020 0.402462 0.291667 0.028409
0 0.797181 0.373580 0.292892 0.027462
0 0.847426 0.435133 0.189951 0.025568
0 0.750613 0.479640 0.388480 0.029356
0 0.833333 0.524621 0.220588 0.028409
0 0.749387 0.570549 0.390931 0.027462
0 0.748775 0.654830 0.387255 0.025568
0 0.811887 0.683712 0.261029 0.026515
0 0.852328 0.715436 0.182598 0.029356
0 0.813113 0.744318 0.261029 0.026515
0 0.865809 0.776042 0.155637 0.031250
0 0.810662 0.806345 0.258578 0.027462
0 0.811887 0.835227 0.261029 0.026515
0 0.748162 0.881629 0.388480 0.028409
0 0.639706 0.775568 0.078431 0.028409
1 0.106005 0.192708 0.023284 0.017992
1 0.175858 0.192708 0.023284 0.017992
1 0.243260 0.191761 0.023284 0.017992
1 0.106618 0.452652 0.022059 0.018939
1 0.567402 0.714489 0.022059 0.017992
1 0.104167 0.817708 0.022059 0.017992
1 0.104167 0.779830 0.022059 0.017992
1 0.104167 0.658617 0.022059 0.017992
1 0.106618 0.476326 0.022059 0.018939
1 0.704657 0.715436 0.022059 0.017992
1 0.636029 0.715436 0.019608 0.019886
0 0.351716 0.315341 0.262255 0.030303
