0 0.226381 0.749685 0.019608 0.377049
0 0.268271 0.749685 0.019608 0.379571
0 0.310160 0.747793 0.019608 0.378310
0 0.442513 0.863178 0.020499 0.150063
0 0.720588 0.746532 0.020499 0.375788
0 0.758913 0.747793 0.018717 0.378310
0 0.803030 0.747163 0.016043 0.374527
3 0.469251 0.748424 0.020499 0.379571
0 0.274955 0.287516 0.022282 0.388398
0 0.352496 0.287516 0.020499 0.380832
0 0.391266 0.341110 0.021390 0.276166
0 0.420677 0.343001 0.017825 0.274905
0 0.447861 0.342371 0.016934 0.273644
0 0.477273 0.393443 0.020499 0.176545
0 0.503565 0.343001 0.021390 0.272383
0 0.531194 0.287516 0.019608 0.383354
0 0.608289 0.288146 0.020499 0.377049
0 0.649733 0.290038 0.017825 0.380832
0 0.689840 0.290668 0.016043 0.379571
0 0.731283 0.286255 0.015152 0.363178
0 0.772282 0.291299 0.016934 0.385876
0 0.815062 0.384615 0.016934 0.184111
0 0.842246 0.341110 0.017825 0.281211
0 0.871658 0.339849 0.012478 0.281211
0 0.898841 0.338588 0.016934 0.286255
1 0.475936 0.104035 0.012478 0.021438
1 0.474599 0.175914 0.013369 0.029004
1 0.476827 0.244010 0.019608 0.026482
