0 0.902574 0.259470 0.101716 0.017045
0 0.900735 0.277936 0.102941 0.016098
0 0.900123 0.296402 0.101716 0.017045
0 0.900735 0.315814 0.102941 0.016098
0 0.902574 0.334280 0.101716 0.017045
0 0.902574 0.354167 0.101716 0.017045
0 0.905025 0.370739 0.101716 0.016098
0 0.903186 0.390152 0.102941 0.017045
0 0.900735 0.409564 0.102941 0.016098
0 0.813113 0.433239 0.084559 0.019886
0 0.781863 0.505682 0.343137 0.020833
0 0.830270 0.635417 0.246324 0.020833
0 0.805760 0.698864 0.062500 0.017045
0 0.923407 0.696970 0.067402 0.018939
0 0.893382 0.866004 0.120098 0.019886
0 0.806373 0.930398 0.066176 0.016098
1 0.072917 0.479167 0.023284 0.017045
1 0.510417 0.505208 0.023284 0.017992
1 0.230392 0.505208 0.022059 0.017992
1 0.070466 0.505208 0.023284 0.017992
1 0.228554 0.479167 0.023284 0.017045
1 0.510417 0.480114 0.023284 0.017045
1 0.618260 0.479167 0.023284 0.017045
1 0.781250 0.479167 0.023284 0.017045
1 0.781863 0.547348 0.024510 0.017045
1 0.601716 0.637311 0.024510 0.017045
1 0.854167 0.569602 0.024510 0.017992
1 0.781863 0.569602 0.024510 0.017992
1 0.854167 0.547348 0.024510 0.017045
0 0.812500 0.592330 0.085784 0.019886
1 0.851716 0.887311 0.024510 0.017045
1 0.781863 0.887311 0.024510 0.017045
1 0.109069 0.843277 0.024510 0.017992
1 0.229167 0.843277 0.024510 0.017992
1 0.111520 0.803504 0.024510 0.017992
1 0.231618 0.803504 0.024510 0.017992
1 0.368873 0.803504 0.024510 0.017992
1 0.368873 0.843277 0.024510 0.017992
1 0.601716 0.744792 0.024510 0.017992
1 0.854167 0.678504 0.024510 0.017992
1 0.781863 0.678504 0.024510 0.017992
1 0.367034 0.638258 0.025735 0.017045
1 0.229167 0.637311 0.024510 0.017045
1 0.089461 0.637311 0.024510 0.017045
1 0.781863 0.909564 0.024510 0.017992
1 0.851716 0.908617 0.024510 0.017992
1 0.309436 0.744792 0.025735 0.017992
1 0.071691 0.743845 0.025735 0.017992
