1 0.280749 0.797604 0.008913 0.013871
1 0.298574 0.797604 0.012478 0.013871
1 0.278520 0.869483 0.011586 0.016393
1 0.297237 0.868852 0.009804 0.017654
1 0.351604 0.799496 0.013369 0.020177
1 0.351159 0.868852 0.016043 0.020177
0 0.282086 0.596469 0.008021 0.325347
0 0.301693 0.614754 0.009804 0.293821
0 0.396613 0.536570 0.005348 0.530895
0 0.353832 0.695460 0.010695 0.145019
0 0.410873 0.440101 0.007130 0.686003
0 0.429590 0.424968 0.010695 0.653216
0 0.429144 0.889660 0.011586 0.127364
0 0.412656 0.883354 0.008913 0.127364
0 0.395276 0.885876 0.006239 0.127364
0 0.464349 0.639975 0.007130 0.624212
0 0.481729 0.606557 0.008021 0.686003
0 0.498217 0.593317 0.008913 0.722573
0 0.516488 0.583859 0.008021 0.703657
0 0.531194 0.580706 0.008913 0.694830
0 0.549911 0.583859 0.008913 0.686003
0 0.566399 0.590794 0.006239 0.644388
0 0.583333 0.622320 0.008021 0.639344
0 0.598930 0.631778 0.005348 0.622951
0 0.616310 0.624842 0.006239 0.651955
0 0.633690 0.626734 0.007130 0.617907
0 0.648396 0.609079 0.006239 0.673392
0 0.667558 0.641236 0.010695 0.626734
0 0.709447 0.402270 0.007130 0.307692
0 0.742870 0.508827 0.015152 0.505675
0 0.709447 0.696721 0.016043 0.218159
0 0.711230 0.894704 0.014260 0.139975
0 0.783422 0.709332 0.010695 0.180328
0 0.780303 0.891551 0.015152 0.131148
0 0.906863 0.532156 0.009804 0.413619
0 0.929590 0.542875 0.012478 0.377049
1 0.906863 0.762295 0.013369 0.016393
1 0.928699 0.763556 0.012478 0.018916
1 0.906863 0.830391 0.011586 0.013871
1 0.928699 0.832913 0.017825 0.021438
1 0.907308 0.902270 0.017825 0.016393
1 0.928699 0.902270 0.016043 0.018916
1 0.738414 0.781841 0.016934 0.020177
1 0.739305 0.853090 0.013369 0.018916
