0 0.889706 0.107955 0.147059 0.017045
0 0.892157 0.342330 0.147059 0.016098
0 0.889706 0.324811 0.147059 0.017045
0 0.894608 0.230114 0.147059 0.017045
0 0.894608 0.165720 0.147059 0.017045
0 0.894608 0.145833 0.147059 0.017045
0 0.889706 0.306345 0.147059 0.016098
0 0.892157 0.196023 0.147059 0.017045
0 0.892157 0.287405 0.147059 0.016098
0 0.894608 0.127367 0.147059 0.016098
0 0.892157 0.483902 0.147059 0.017045
0 0.889706 0.754261 0.147059 0.016098
0 0.892157 0.735795 0.147059 0.017045
0 0.892157 0.676136 0.147059 0.017045
0 0.892157 0.607955 0.147059 0.017045
0 0.889706 0.696023 0.147059 0.017045
0 0.892157 0.542614 0.147059 0.017045
0 0.892157 0.782670 0.147059 0.016098
0 0.889706 0.800189 0.147059 0.017045
0 0.884191 0.256155 0.160539 0.016098
1 0.762868 0.463542 0.023284 0.017992
1 0.903186 0.463542 0.022059 0.017992
1 0.833333 0.464489 0.022059 0.017992
1 0.852941 0.561080 0.022059 0.017992
1 0.783088 0.562027 0.022059 0.017992
1 0.852941 0.512311 0.022059 0.017045
1 0.783088 0.512311 0.022059 0.017045
