0 0.891544 0.114583 0.150735 0.017045
0 0.891544 0.496212 0.150735 0.017045
0 0.891544 0.477273 0.150735 0.017045
0 0.893995 0.460227 0.150735 0.017045
0 0.891544 0.441288 0.150735 0.017045
0 0.891544 0.405303 0.150735 0.017045
0 0.893995 0.364583 0.150735 0.017045
0 0.892770 0.346591 0.150735 0.017045
0 0.891544 0.305871 0.150735 0.017045
0 0.890319 0.287879 0.150735 0.017045
0 0.891544 0.269886 0.150735 0.017045
0 0.890319 0.251894 0.150735 0.017045
0 0.891544 0.210227 0.150735 0.017045
0 0.891544 0.191288 0.150735 0.017045
0 0.890319 0.149621 0.150735 0.017045
0 0.892770 0.132576 0.150735 0.017045
0 0.893995 0.653409 0.150735 0.017045
0 0.891544 0.743371 0.150735 0.017045
0 0.890319 0.725379 0.150735 0.017045
0 0.890319 0.706439 0.150735 0.017045
0 0.893995 0.688447 0.150735 0.017045
0 0.889093 0.671402 0.150735 0.017045
0 0.891544 0.778409 0.150735 0.017045
0 0.891544 0.762311 0.150735 0.017045
1 0.783088 0.523674 0.022059 0.018939
1 0.852941 0.523674 0.022059 0.018939
