0 0.892770 0.218277 0.148284 0.016098
0 0.895833 0.278883 0.147059 0.016098
0 0.893382 0.236742 0.147059 0.015152
0 0.895221 0.253314 0.148284 0.016098
0 0.895833 0.386364 0.147059 0.015152
0 0.893382 0.370739 0.147059 0.016098
0 0.892770 0.333333 0.148284 0.015152
0 0.895221 0.351326 0.148284 0.015152
0 0.895221 0.428030 0.148284 0.015152
0 0.900123 0.708333 0.104167 0.017045
0 0.897672 0.908617 0.138480 0.017992
0 0.897059 0.796402 0.142157 0.017045
0 0.905025 0.765152 0.104167 0.017045
0 0.897059 0.735795 0.137255 0.018939
0 0.895833 0.935133 0.139706 0.016098
1 0.840074 0.170455 0.023284 0.017045
1 0.909314 0.171402 0.022059 0.017045
1 0.839461 0.294508 0.024510 0.017045
1 0.830882 0.636364 0.022059 0.017045
1 0.911152 0.405777 0.020833 0.017992
1 0.838235 0.404830 0.019608 0.017992
1 0.909314 0.296402 0.019608 0.018939
1 0.830882 0.819602 0.022059 0.017992
1 0.900735 0.676136 0.022059 0.017045
1 0.830270 0.677083 0.023284 0.017045
1 0.903186 0.636364 0.022059 0.017045
1 0.900735 0.866951 0.022059 0.017992
1 0.830882 0.866951 0.022059 0.017992
1 0.900735 0.821970 0.022059 0.017045
