0 0.149733 0.554855 0.008913 0.408575
0 0.167112 0.516393 0.008021 0.465322
0 0.187611 0.498108 0.008021 0.496847
0 0.213458 0.669609 0.016934 0.297604
0 0.145722 0.807692 0.009804 0.059269
0 0.360963 0.525221 0.008913 0.394704
0 0.384135 0.576293 0.016043 0.370744
0 0.205437 0.897226 0.011586 0.107188
0 0.360071 0.807692 0.012478 0.056747
0 0.361854 0.923077 0.008913 0.055485
0 0.417112 0.831652 0.014260 0.240858
0 0.459893 0.679067 0.012478 0.165195
0 0.479055 0.629256 0.013369 0.254729
0 0.500891 0.571879 0.014260 0.361917
0 0.536542 0.781841 0.012478 0.322825
0 0.604278 0.641866 0.014260 0.244641
0 0.601604 0.812736 0.012478 0.076923
0 0.624777 0.579445 0.010695 0.523329
0 0.641711 0.520177 0.010695 0.629256
0 0.659091 0.542245 0.009804 0.549811
0 0.676471 0.588903 0.008913 0.474149
0 0.692959 0.641866 0.009804 0.406053
0 0.710784 0.672131 0.009804 0.330391
0 0.728164 0.674653 0.008913 0.330391
0 0.744207 0.643127 0.012478 0.388398
0 0.764706 0.769861 0.010695 0.134931
0 0.762923 0.899748 0.012478 0.099622
0 0.745989 0.897856 0.008913 0.080706
0 0.728610 0.904792 0.011586 0.089533
0 0.708556 0.900378 0.007130 0.088272
0 0.692513 0.897226 0.007130 0.079445
0 0.674688 0.902270 0.010695 0.079445
0 0.656863 0.897226 0.010695 0.087011
0 0.640374 0.895965 0.008021 0.079445
0 0.622995 0.895965 0.008913 0.079445
0 0.454545 0.811475 0.014260 0.074401
1 0.497772 0.782472 0.011586 0.016393
1 0.497772 0.852459 0.011586 0.020177
1 0.476827 0.783102 0.014260 0.017654
1 0.476827 0.851828 0.010695 0.016393
1 0.379234 0.784363 0.011586 0.017654
1 0.377897 0.854351 0.012478 0.013871
1 0.187166 0.782472 0.010695 0.013871
1 0.185829 0.852459 0.011586 0.015132
1 0.165775 0.783102 0.012478 0.017654
1 0.165775 0.853090 0.014260 0.016393
1 0.318627 0.600252 0.015152 0.020177
1 0.262923 0.366330 0.014260 0.021438
1 0.226827 0.367591 0.013369 0.021438
1 0.263369 0.227617 0.015152 0.021438
1 0.227718 0.228247 0.015152 0.017654
1 0.226827 0.108449 0.013369 0.020177
1 0.263815 0.108449 0.012478 0.022699
1 0.317291 0.069357 0.014260 0.022699
1 0.317291 0.310845 0.014260 0.021438
1 0.413993 0.087011 0.013369 0.022699
1 0.416221 0.229508 0.017825 0.020177
1 0.416221 0.366330 0.016043 0.018916
1 0.535651 0.071248 0.016043 0.018916
1 0.559269 0.070618 0.011586 0.017654
1 0.535205 0.228878 0.015152 0.023960
1 0.561052 0.230769 0.015152 0.020177
1 0.536096 0.508197 0.015152 0.020177
1 0.561943 0.507566 0.015152 0.023960
1 0.561052 0.619798 0.011586 0.018916
1 0.559715 0.781841 0.010695 0.015132
1 0.415330 0.598991 0.012478 0.020177
