0 0.334805 0.296346 0.288777 0.022282
0 0.334805 0.339127 0.288777 0.022282
0 0.334805 0.319519 0.288777 0.022282
0 0.810214 0.397504 0.288777 0.023173
0 0.810214 0.520499 0.288777 0.023173
0 0.334805 0.638592 0.288777 0.022282
0 0.333544 0.608734 0.288777 0.023173
0 0.333544 0.580660 0.288777 0.022282
0 0.333544 0.420232 0.288777 0.022282
0 0.334805 0.393939 0.288777 0.023173
0 0.317781 0.475936 0.322825 0.023173
0 0.794451 0.751337 0.322825 0.023173
0 0.793190 0.726827 0.322825 0.024064
0 0.319042 0.523173 0.322825 0.023173
0 0.317781 0.499109 0.322825 0.023173
0 0.793190 0.774510 0.322825 0.023173
0 0.266078 0.370321 0.151324 0.020499
0 0.308323 0.708556 0.341740 0.023173
0 0.745902 0.496435 0.152585 0.023173
0 0.745902 0.602050 0.152585 0.024064
0 0.743380 0.624777 0.155107 0.023173
1 0.662673 0.205437 0.029004 0.018717
1 0.661412 0.225045 0.029004 0.018717
1 0.807692 0.463458 0.029004 0.019608
1 0.715637 0.463458 0.029004 0.019608
1 0.663934 0.308378 0.029004 0.019608
1 0.662673 0.289661 0.029004 0.019608
1 0.107818 0.689394 0.029004 0.020499
1 0.587642 0.918004 0.027743 0.019608
1 0.587642 0.897059 0.027743 0.020499
1 0.587642 0.845811 0.027743 0.019608
1 0.587642 0.826649 0.027743 0.020499
1 0.109079 0.869430 0.029004 0.020499
1 0.107818 0.850267 0.029004 0.019608
1 0.252837 0.786542 0.029004 0.020499
1 0.253468 0.766488 0.027743 0.019608
1 0.107818 0.733066 0.029004 0.020499
0 0.814628 0.546346 0.284994 0.019608
0 0.813367 0.569519 0.284994 0.019608
