0 0.794451 0.550357 0.320303 0.024064
0 0.752207 0.647504 0.409836 0.024064
0 0.750946 0.698752 0.409836 0.023173
0 0.273644 0.139037 0.408575 0.023173
0 0.274905 0.177362 0.411097 0.023173
0 0.274275 0.214795 0.407314 0.024955
0 0.274275 0.329323 0.407314 0.022282
0 0.273644 0.443405 0.408575 0.024064
0 0.273644 0.480392 0.408575 0.024955
0 0.273644 0.575758 0.408575 0.024955
1 0.587011 0.751783 0.026482 0.018717
1 0.586381 0.770053 0.025221 0.019608
1 0.586381 0.823084 0.025221 0.018717
1 0.587011 0.842692 0.026482 0.018717
1 0.111602 0.076203 0.026482 0.018717
1 0.109079 0.095365 0.026482 0.019608
1 0.107818 0.266488 0.026482 0.019608
1 0.107818 0.286096 0.026482 0.019608
