0 0.631740 0.229640 0.677696 0.014205
0 0.672181 0.244318 0.596814 0.013258
0 0.428922 0.258996 0.424020 0.014205
0 0.852941 0.259470 0.240196 0.013258
0 0.642157 0.310133 0.279412 0.021780
0 0.882966 0.307292 0.175245 0.025568
0 0.671569 0.351799 0.348039 0.027462
0 0.342525 0.370265 0.118873 0.015152
0 0.620098 0.372633 0.245098 0.014205
0 0.651348 0.414773 0.640931 0.015152
0 0.800858 0.440814 0.344363 0.023674
0 0.559436 0.459280 0.827206 0.015152
0 0.596201 0.486742 0.753676 0.018939
0 0.560662 0.502367 0.827206 0.016098
0 0.686887 0.518466 0.577206 0.014205
0 0.561887 0.530303 0.829657 0.015152
0 0.332721 0.545455 0.091912 0.013258
0 0.430760 0.546875 0.062500 0.012311
0 0.689338 0.544981 0.084559 0.014205
0 0.654412 0.561080 0.637255 0.012311
0 0.560662 0.574337 0.824755 0.014205
0 0.686887 0.767519 0.094363 0.014205
0 0.799020 0.766098 0.080882 0.017045
1 0.061275 0.212121 0.022059 0.017045
1 0.060049 0.338068 0.022059 0.017045
1 0.099265 0.353220 0.022059 0.017045
1 0.100490 0.382102 0.022059 0.014205
1 0.100490 0.396307 0.022059 0.014205
1 0.099877 0.410985 0.023284 0.015152
1 0.099877 0.426136 0.020833 0.015152
1 0.099877 0.441288 0.020833 0.015152
1 0.099877 0.470644 0.020833 0.015152
1 0.099877 0.514205 0.020833 0.015152
1 0.099265 0.541667 0.022059 0.015152
1 0.099877 0.585227 0.023284 0.015152
1 0.099877 0.613636 0.020833 0.017045
1 0.099265 0.627841 0.022059 0.015152
1 0.100490 0.642992 0.022059 0.015152
1 0.100490 0.671875 0.022059 0.014205
1 0.099877 0.724905 0.023284 0.016098
1 0.099877 0.752367 0.020833 0.016098
1 0.168505 0.857481 0.020833 0.016098
1 0.169730 0.831913 0.020833 0.016098
1 0.170343 0.791667 0.022059 0.015152
1 0.169730 0.766098 0.020833 0.015152
1 0.579044 0.766098 0.023284 0.015152
1 0.273284 0.627367 0.022059 0.016098
1 0.353554 0.627841 0.023284 0.015152
0 0.837623 0.083807 0.025735 0.014205
0 0.881740 0.084280 0.028186 0.013258
