0 0.794451 0.300357 0.322825 0.026738
0 0.752207 0.490642 0.407314 0.043672
0 0.751576 0.553476 0.411097 0.023173
0 0.711223 0.594474 0.153846 0.024955
0 0.795712 0.656417 0.322825 0.025847
0 0.794451 0.684938 0.322825 0.024064
0 0.794451 0.708556 0.320303 0.023173
0 0.711223 0.936720 0.158890 0.024955
1 0.649433 0.743316 0.027743 0.019608
1 0.944515 0.744207 0.027743 0.019608
1 0.754098 0.743316 0.027743 0.019608
1 0.774905 0.795009 0.029004 0.019608
1 0.648172 0.832442 0.027743 0.019608
1 0.648172 0.812834 0.027743 0.019608
1 0.648172 0.795009 0.027743 0.019608
1 0.944515 0.795009 0.027743 0.019608
1 0.774905 0.832442 0.029004 0.019608
1 0.774905 0.814617 0.029004 0.019608
