1 0.235740 0.110971 0.013369 0.020177
1 0.255348 0.111602 0.013369 0.016393
1 0.351159 0.237074 0.014260 0.020177
1 0.385027 0.237705 0.017825 0.021438
1 0.417112 0.240227 0.010695 0.018916
1 0.450089 0.237705 0.012478 0.018916
1 0.427362 0.588903 0.013369 0.022699
1 0.447415 0.588272 0.016043 0.018916
1 0.659091 0.588272 0.013369 0.021438
1 0.680481 0.588272 0.013369 0.018916
0 0.117647 0.274905 0.017825 0.403531
0 0.154635 0.274905 0.016934 0.401009
0 0.193850 0.278058 0.016934 0.402270
0 0.620766 0.274905 0.016934 0.398487
0 0.660873 0.274275 0.016934 0.394704
0 0.773173 0.276166 0.015152 0.401009
0 0.930927 0.319042 0.015152 0.312736
0 0.906863 0.316520 0.015152 0.310214
0 0.787879 0.752837 0.016043 0.401009
0 0.901515 0.752837 0.016934 0.395965
