1 0.165775 0.648802 0.016043 0.023960
1 0.184938 0.648802 0.011586 0.021438
1 0.204100 0.649433 0.012478 0.020177
1 0.164884 0.774905 0.012478 0.023960
1 0.183601 0.776166 0.010695 0.021438
1 0.204100 0.776166 0.010695 0.021438
1 0.203209 0.942623 0.016043 0.023960
1 0.255348 0.648172 0.011586 0.020177
1 0.255793 0.755359 0.012478 0.017654
1 0.256239 0.944515 0.013369 0.015132
0 0.287433 0.795712 0.018717 0.317781
0 0.313280 0.795082 0.015152 0.308953
0 0.340909 0.796974 0.016934 0.312736
0 0.402406 0.711223 0.016934 0.143758
0 0.444742 0.751576 0.021390 0.403531
0 0.060606 0.711854 0.016043 0.145019
0 0.093137 0.751576 0.013369 0.398487
0 0.115419 0.752837 0.013369 0.403531
0 0.508467 0.750315 0.032977 0.401009
0 0.567736 0.752837 0.014260 0.390921
0 0.589127 0.754729 0.012478 0.392182
0 0.652406 0.798235 0.017825 0.307692
0 0.676471 0.796974 0.012478 0.320303
0 0.700980 0.794451 0.015152 0.312736
1 0.798574 0.694830 0.014260 0.025221
