0 0.317781 0.067291 0.322825 0.020499
0 0.316520 0.092692 0.322825 0.021390
0 0.273644 0.225045 0.408575 0.022282
0 0.274275 0.339127 0.409836 0.024064
0 0.274905 0.377897 0.411097 0.023173
1 0.237074 0.547237 0.025221 0.019608
1 0.235813 0.581551 0.022699 0.020499
1 0.235813 0.614082 0.025221 0.017825
1 0.237074 0.648396 0.027743 0.020499
0 0.275536 0.804813 0.407314 0.023173
0 0.273644 0.844029 0.408575 0.023173
0 0.273644 0.880570 0.408575 0.023173
0 0.752207 0.095811 0.409836 0.024064
0 0.750315 0.211230 0.408575 0.023173
1 0.587642 0.319519 0.027743 0.018717
1 0.587011 0.339127 0.026482 0.018717
1 0.588272 0.552139 0.026482 0.015152
1 0.585750 0.571747 0.023960 0.016934
1 0.111602 0.741979 0.029004 0.018717
1 0.109079 0.762923 0.026482 0.019608
