1 0.392182 0.115865 0.027743 0.019608
1 0.466583 0.487077 0.027743 0.018717
1 0.392182 0.485294 0.027743 0.018717
1 0.466583 0.424242 0.027743 0.019608
1 0.392182 0.424242 0.027743 0.019608
1 0.467213 0.401515 0.026482 0.018717
1 0.393443 0.401515 0.027743 0.018717
1 0.466583 0.372995 0.027743 0.018717
1 0.390921 0.372995 0.027743 0.018717
1 0.466583 0.348039 0.027743 0.018717
1 0.392182 0.347148 0.027743 0.018717
1 0.466583 0.306150 0.027743 0.018717
1 0.392182 0.306150 0.027743 0.018717
1 0.466583 0.270053 0.027743 0.019608
1 0.392182 0.269162 0.027743 0.019608
1 0.467213 0.211676 0.026482 0.018717
1 0.392182 0.211676 0.027743 0.018717
1 0.466583 0.165775 0.027743 0.019608
1 0.392182 0.165330 0.027743 0.018717
1 0.467213 0.115865 0.026482 0.019608
1 0.466583 0.866310 0.027743 0.019608
1 0.392182 0.866310 0.027743 0.019608
1 0.466583 0.833333 0.027743 0.019608
1 0.392182 0.833779 0.027743 0.018717
1 0.465322 0.799465 0.027743 0.019608
1 0.392182 0.799465 0.027743 0.019608
1 0.466583 0.766043 0.027743 0.018717
1 0.393443 0.766488 0.027743 0.019608
1 0.466583 0.719251 0.027743 0.019608
1 0.390921 0.719251 0.027743 0.019608
1 0.466583 0.672014 0.027743 0.019608
1 0.392182 0.672014 0.027743 0.019608
1 0.466583 0.595365 0.027743 0.019608
1 0.392182 0.595365 0.027743 0.019608
1 0.466583 0.548128 0.027743 0.019608
1 0.392182 0.548128 0.027743 0.019608
1 0.466583 0.913547 0.027743 0.019608
1 0.392182 0.914439 0.027743 0.019608
