0 0.307692 0.305258 0.340479 0.020499
0 0.307692 0.344029 0.340479 0.024955
0 0.307692 0.466578 0.340479 0.020499
0 0.288777 0.684938 0.380832 0.024064
0 0.336066 0.710339 0.288777 0.023173
0 0.334805 0.732620 0.288777 0.023173
0 0.267970 0.765597 0.150063 0.023173
0 0.334805 0.790107 0.288777 0.022282
0 0.336066 0.823529 0.291299 0.023173
0 0.764817 0.053922 0.382093 0.024064
0 0.810214 0.076649 0.286255 0.023173
0 0.811475 0.100267 0.286255 0.024064
0 0.811475 0.190731 0.286255 0.023173
0 0.811475 0.157754 0.286255 0.023173
0 0.786255 0.806595 0.341740 0.023173
0 0.786255 0.844474 0.341740 0.024064
0 0.786255 0.712121 0.344262 0.023173
0 0.786255 0.588235 0.341740 0.023173
0 0.878310 0.549911 0.152585 0.023173
0 0.745271 0.134581 0.153846 0.023173
0 0.109079 0.267825 0.029004 0.020499
0 0.109079 0.553030 0.029004 0.020499
0 0.136192 0.879679 0.027743 0.019608
0 0.134931 0.858289 0.027743 0.019608
1 0.615385 0.229055 0.027743 0.019608
1 0.614124 0.249109 0.027743 0.018717
1 0.587642 0.518717 0.027743 0.019608
1 0.586381 0.360963 0.027743 0.019608
