0 0.334805 0.097148 0.288777 0.023173
0 0.272383 0.274510 0.406053 0.023173
0 0.336066 0.207665 0.288777 0.023173
0 0.333544 0.187166 0.288777 0.023173
0 0.335435 0.162210 0.287516 0.019608
0 0.253468 0.651961 0.138714 0.025847
0 0.407945 0.651515 0.142497 0.023173
0 0.252837 0.743316 0.139975 0.021390
0 0.409206 0.741087 0.139975 0.024064
0 0.252837 0.831551 0.139975 0.023173
0 0.409206 0.831551 0.139975 0.023173
1 0.107818 0.053030 0.023960 0.016934
1 0.106557 0.072193 0.023960 0.017825
1 0.584489 0.613191 0.023960 0.017825
1 0.585750 0.632799 0.023960 0.017825
1 0.106557 0.576649 0.023960 0.017825
1 0.107818 0.555704 0.023960 0.016934
1 0.584489 0.418895 0.023960 0.017825
1 0.585750 0.401070 0.023960 0.017825
1 0.176545 0.422460 0.022699 0.017825
1 0.177806 0.404189 0.022699 0.016934
1 0.584489 0.251337 0.023960 0.017825
1 0.584489 0.233066 0.023960 0.016934
1 0.584489 0.086453 0.023960 0.017825
1 0.585750 0.066399 0.023960 0.016934
