0 0.378064 0.100852 0.319853 0.017992
0 0.780637 0.101326 0.294118 0.018939
0 0.359069 0.197917 0.245098 0.017045
0 0.637868 0.196970 0.167892 0.017045
0 0.803922 0.196970 0.044118 0.018939
0 0.772059 0.212595 0.308824 0.014205
0 0.484681 0.212595 0.180147 0.016098
0 0.531250 0.482008 0.768382 0.017045
0 0.536152 0.513258 0.773284 0.015152
0 0.375613 0.606061 0.037990 0.018939
0 0.574142 0.607008 0.062500 0.017045
0 0.628064 0.643939 0.582108 0.015152
0 0.503064 0.657670 0.844363 0.014205
0 0.630515 0.674242 0.577206 0.017045
0 0.500000 0.691761 0.833333 0.016098
0 0.503064 0.711648 0.841912 0.019886
0 0.500613 0.811080 0.832108 0.021780
0 0.504289 0.852273 0.832108 0.026515
0 0.609069 0.874527 0.622549 0.012311
0 0.613358 0.892045 0.609069 0.015152
1 0.095588 0.196970 0.017157 0.015152
1 0.096814 0.210701 0.017157 0.016098
1 0.094363 0.223958 0.017157 0.014205
1 0.118873 0.237689 0.017157 0.015152
1 0.118260 0.251420 0.018382 0.014205
1 0.118260 0.265152 0.018382 0.013258
1 0.096201 0.280777 0.018382 0.014205
1 0.223652 0.298295 0.015931 0.015152
1 0.455270 0.297348 0.018382 0.015152
1 0.832108 0.197917 0.019608 0.015152
1 0.887868 0.196970 0.018382 0.015152
1 0.094363 0.466383 0.014706 0.012311
1 0.095588 0.496686 0.014706 0.014205
1 0.093137 0.524148 0.014706 0.014205
1 0.094363 0.540720 0.019608 0.015152
1 0.171569 0.542614 0.017157 0.015152
1 0.091912 0.555398 0.019608 0.014205
1 0.090686 0.571970 0.014706 0.015152
1 0.091912 0.587595 0.017157 0.016098
1 0.091912 0.603220 0.017157 0.015152
1 0.092525 0.622633 0.018382 0.014205
1 0.091912 0.640152 0.019608 0.015152
1 0.274510 0.641098 0.017157 0.015152
1 0.274510 0.673295 0.017157 0.015152
1 0.091912 0.671402 0.019608 0.015152
1 0.096814 0.873580 0.024510 0.016098
1 0.096814 0.891098 0.024510 0.017045
