0 0.661765 0.145360 0.497549 0.029356
0 0.380515 0.198864 0.550245 0.030303
0 0.799020 0.275568 0.232843 0.026515
0 0.561275 0.379735 0.723039 0.028409
0 0.259191 0.630208 0.339461 0.031250
0 0.632353 0.812027 0.561275 0.021780
0 0.635417 0.837595 0.567402 0.023674
1 0.131740 0.328598 0.025735 0.018939
1 0.130515 0.357955 0.028186 0.022727
1 0.362132 0.458333 0.028186 0.024621
1 0.130515 0.458333 0.025735 0.020833
1 0.129902 0.485795 0.022059 0.022727
1 0.363358 0.485795 0.028186 0.018939
1 0.599265 0.460701 0.029412 0.021780
1 0.596814 0.491004 0.029412 0.029356
1 0.095588 0.809186 0.024510 0.019886
1 0.096814 0.837121 0.024510 0.020833
0 0.634191 0.487689 0.035539 0.018939
0 0.584559 0.116951 0.669118 0.035038
3 0.621936 0.628788 0.204657 0.037879
3 0.711397 0.682292 0.121324 0.029356
0 0.280025 0.682292 0.386029 0.027462
0 0.579044 0.679924 0.123775 0.035985
0 0.846201 0.626420 0.131127 0.038826
0 0.844363 0.681345 0.120098 0.035038
