0 0.364583 0.100379 0.327206 0.018939
0 0.767770 0.100379 0.305147 0.018939
0 0.607843 0.884470 0.632353 0.013258
0 0.619485 0.903409 0.616422 0.015152
0 0.509191 0.829072 0.844363 0.027462
1 0.795956 0.371212 0.015931 0.013258
1 0.863971 0.371212 0.017157 0.015152
1 0.095588 0.466383 0.017157 0.014205
1 0.308824 0.466856 0.017157 0.015152
1 0.513480 0.466856 0.017157 0.013258
1 0.792892 0.467803 0.019608 0.013258
1 0.694240 0.635417 0.018382 0.013258
1 0.694853 0.662405 0.014706 0.014205
1 0.694240 0.690814 0.018382 0.014205
1 0.695466 0.719223 0.018382 0.014205
1 0.748162 0.636364 0.018382 0.013258
1 0.749387 0.661458 0.018382 0.016098
1 0.750000 0.690341 0.017157 0.013258
1 0.750613 0.717803 0.018382 0.013258
1 0.098039 0.882102 0.024510 0.017992
1 0.097426 0.902462 0.020833 0.017045
