0 0.370711 0.123580 0.356618 0.023674
0 0.781863 0.124527 0.279412 0.023674
0 0.837010 0.150095 0.159314 0.017992
0 0.606618 0.151042 0.122549 0.016098
0 0.207108 0.148674 0.149510 0.018939
0 0.535539 0.171402 0.764706 0.018939
0 0.642770 0.192708 0.555147 0.016098
0 0.298407 0.216383 0.231618 0.017992
0 0.564338 0.213542 0.189951 0.019886
0 0.831495 0.214489 0.175245 0.019886
0 0.539216 0.235795 0.769608 0.017045
0 0.261642 0.325758 0.207108 0.015152
0 0.579657 0.325758 0.296569 0.015152
0 0.849265 0.325758 0.144608 0.015152
0 0.787990 0.471117 0.250000 0.016098
0 0.637255 0.485795 0.571078 0.017045
0 0.840074 0.514205 0.189951 0.015152
0 0.615809 0.543561 0.601716 0.017045
0 0.409314 0.565814 0.071078 0.014205
0 0.590074 0.564867 0.082108 0.016098
0 0.707721 0.564867 0.084559 0.016098
0 0.860907 0.564867 0.126225 0.017992
0 0.278186 0.605114 0.193627 0.017045
0 0.330882 0.618845 0.100490 0.014205
0 0.332108 0.634470 0.095588 0.013258
0 0.587010 0.618845 0.105392 0.014205
0 0.587010 0.633049 0.098039 0.012311
0 0.567402 0.720170 0.688725 0.014205
0 0.605392 0.735795 0.617647 0.013258
0 0.570466 0.749527 0.687500 0.012311
0 0.545956 0.763258 0.738971 0.015152
0 0.411765 0.791667 0.235294 0.017045
0 0.405637 0.810133 0.252451 0.014205
0 0.803922 0.792614 0.232843 0.017045
0 0.785539 0.808239 0.254902 0.014205
3 0.243260 0.855587 0.314951 0.035038
0 0.557598 0.851799 0.252451 0.040720
0 0.813113 0.850852 0.209559 0.042614
1 0.301471 0.148201 0.019608 0.016098
1 0.370711 0.146780 0.018382 0.013258
1 0.094363 0.293561 0.019608 0.015152
1 0.093750 0.311080 0.018382 0.016098
1 0.093137 0.336648 0.014706 0.016098
1 0.119485 0.367898 0.015931 0.014205
1 0.253064 0.366951 0.018382 0.014205
1 0.352941 0.366477 0.017157 0.017045
1 0.548407 0.366951 0.018382 0.016098
1 0.093750 0.379261 0.020833 0.014205
1 0.093137 0.426136 0.019608 0.015152
1 0.119485 0.439867 0.020833 0.014205
1 0.226103 0.438920 0.015931 0.014205
1 0.421569 0.439867 0.017157 0.014205
1 0.640931 0.438920 0.019608 0.014205
1 0.743873 0.438920 0.019608 0.014205
1 0.841912 0.439867 0.017157 0.016098
1 0.093750 0.453598 0.015931 0.015152
1 0.119485 0.469223 0.020833 0.014205
1 0.118260 0.499527 0.018382 0.014205
1 0.142770 0.515152 0.015931 0.013258
1 0.140931 0.528883 0.019608 0.014205
1 0.117034 0.542614 0.018382 0.015152
1 0.368873 0.500473 0.019608 0.012311
1 0.476103 0.468277 0.020833 0.014205
1 0.575980 0.469223 0.019608 0.016098
1 0.492034 0.499527 0.020833 0.014205
1 0.559436 0.499527 0.018382 0.016098
1 0.649510 0.499527 0.019608 0.012311
1 0.723652 0.499527 0.018382 0.014205
1 0.840686 0.499527 0.017157 0.014205
1 0.437500 0.513258 0.019608 0.013258
1 0.395833 0.526989 0.019608 0.016098
1 0.760417 0.528883 0.018382 0.014205
1 0.435662 0.584280 0.020833 0.015152
1 0.118873 0.586648 0.022059 0.016098
1 0.116422 0.600379 0.019608 0.013258
1 0.114583 0.616477 0.020833 0.017045
1 0.113358 0.630208 0.018382 0.016098
1 0.113971 0.644886 0.019608 0.015152
1 0.113971 0.660511 0.017157 0.016098
1 0.113358 0.673295 0.018382 0.015152
1 0.113971 0.688920 0.017157 0.014205
1 0.293505 0.644886 0.015931 0.015152
1 0.294118 0.660511 0.014706 0.016098
1 0.293505 0.673295 0.018382 0.011364
1 0.294118 0.688920 0.019608 0.016098
1 0.655637 0.647254 0.012255 0.012311
1 0.654412 0.661458 0.019608 0.016098
1 0.655637 0.675189 0.017157 0.015152
1 0.655025 0.688920 0.020833 0.014205
1 0.115809 0.717330 0.020833 0.016098
1 0.113358 0.733902 0.018382 0.015152
1 0.115809 0.746686 0.020833 0.012311
1 0.115809 0.760417 0.020833 0.013258
1 0.115809 0.788826 0.018382 0.011364
1 0.115809 0.804451 0.020833 0.014205
1 0.556985 0.790720 0.018382 0.015152
1 0.555760 0.805398 0.020833 0.016098
