0 0.294730 0.124527 0.398284 0.027462
0 0.745711 0.124527 0.395833 0.027462
0 0.292892 0.168561 0.399510 0.026515
0 0.520221 0.329072 0.849265 0.027462
0 0.302696 0.397254 0.416667 0.025568
0 0.734069 0.396307 0.414216 0.025568
0 0.850490 0.464962 0.183824 0.026515
0 0.375000 0.465909 0.558824 0.028409
0 0.373162 0.510417 0.555147 0.026515
0 0.704657 0.508996 0.095588 0.029356
0 0.849877 0.511364 0.185049 0.026515
0 0.262868 0.556818 0.337010 0.026515
0 0.504902 0.556345 0.132353 0.025568
0 0.759804 0.557292 0.365196 0.023674
0 0.295343 0.616951 0.394608 0.023674
0 0.746324 0.617898 0.399510 0.025568
0 0.294118 0.661458 0.394608 0.025568
0 0.520833 0.850852 0.845588 0.023674
0 0.517770 0.917614 0.851716 0.060606
