0 0.369485 0.177083 0.552696 0.028409
0 0.845588 0.223485 0.200980 0.026515
0 0.368260 0.268939 0.552696 0.028409
0 0.369485 0.222538 0.552696 0.028409
0 0.369485 0.511364 0.552696 0.028409
0 0.369485 0.465909 0.552696 0.028409
0 0.367034 0.421402 0.552696 0.028409
0 0.367034 0.625947 0.552696 0.028409
0 0.369485 0.579545 0.552696 0.028409
0 0.693015 0.268939 0.094363 0.026515
0 0.844975 0.267992 0.199755 0.028409
0 0.844363 0.465909 0.200980 0.026515
0 0.842525 0.511364 0.194853 0.028409
0 0.692402 0.509943 0.088235 0.025568
0 0.843137 0.578598 0.196078 0.024621
0 0.794118 0.624053 0.294118 0.024621
0 0.751225 0.669508 0.379902 0.024621
0 0.237745 0.669981 0.279412 0.027462
0 0.471814 0.669034 0.166667 0.027462
0 0.303309 0.716383 0.412990 0.023674
0 0.754902 0.715909 0.372549 0.024621
0 0.303309 0.760417 0.410539 0.024621
0 0.247549 0.843277 0.250000 0.027462
0 0.534314 0.843750 0.205882 0.024621
0 0.313113 0.889678 0.432598 0.027462
0 0.738971 0.890152 0.409314 0.026515
0 0.313725 0.934659 0.431373 0.024621
1 0.664216 0.223011 0.024510 0.017992
1 0.693627 0.223958 0.022059 0.017992
1 0.721814 0.223011 0.022059 0.021780
1 0.832721 0.314867 0.028186 0.021780
1 0.900735 0.314394 0.017157 0.018939
1 0.664216 0.465436 0.024510 0.019886
1 0.693627 0.464962 0.022059 0.018939
1 0.723039 0.465436 0.022059 0.017992
1 0.666054 0.580492 0.020833 0.020833
1 0.694853 0.579072 0.022059 0.019886
1 0.723652 0.579545 0.025735 0.020833
