0 0.260250 0.247163 0.016043 0.292560
0 0.259358 0.553594 0.019608 0.290038
0 0.258467 0.823455 0.014260 0.226986
0 0.322638 0.686633 0.014260 0.500631
0 0.322193 0.232661 0.015152 0.268600
0 0.421123 0.877680 0.018717 0.116015
0 0.524064 0.659521 0.016043 0.549811
0 0.522727 0.235183 0.016934 0.268600
0 0.565954 0.259773 0.016043 0.219420
0 0.564171 0.660782 0.016043 0.547289
0 0.606952 0.274905 0.012478 0.353090
0 0.608734 0.604035 0.016043 0.264817
0 0.609180 0.846154 0.018717 0.184111
0 0.704991 0.209962 0.017825 0.215637
0 0.704545 0.634931 0.015152 0.601513
0 0.744652 0.287516 0.018717 0.254729
0 0.745544 0.682219 0.015152 0.511980
0 0.787879 0.279950 0.014260 0.358134
0 0.786988 0.607188 0.016043 0.261034
0 0.788770 0.846784 0.019608 0.185372
1 0.881016 0.831652 0.009804 0.016393
1 0.880570 0.901009 0.010695 0.016393
1 0.499109 0.828499 0.014260 0.017654
1 0.500446 0.899117 0.009804 0.017654
1 0.444296 0.308323 0.011586 0.018916
1 0.443405 0.395334 0.011586 0.021438
1 0.443850 0.493695 0.010695 0.018916
1 0.444296 0.601513 0.011586 0.017654
1 0.442959 0.704918 0.012478 0.017654
1 0.901961 0.416772 0.012478 0.016393
1 0.901961 0.495586 0.014260 0.017654
1 0.902852 0.592055 0.014260 0.016393
