0 0.272059 0.191288 0.352941 0.024621
0 0.588235 0.192708 0.264706 0.027462
0 0.833946 0.192708 0.219363 0.027462
0 0.150735 0.268466 0.112745 0.027462
0 0.278186 0.267992 0.115196 0.028409
0 0.403186 0.267992 0.110294 0.026515
0 0.522059 0.349432 0.852941 0.113636
0 0.151961 0.441761 0.112745 0.025568
0 0.278799 0.441761 0.116422 0.027462
0 0.403799 0.443182 0.109069 0.026515
0 0.527574 0.525095 0.859069 0.114583
0 0.152574 0.617898 0.109069 0.025568
0 0.279412 0.616477 0.112745 0.026515
0 0.405637 0.617898 0.110294 0.023674
0 0.522672 0.699811 0.851716 0.115530
0 0.151348 0.791667 0.113971 0.026515
0 0.278186 0.789773 0.112745 0.026515
0 0.404412 0.790720 0.107843 0.026515
0 0.523284 0.874053 0.852941 0.113636
0 0.386029 0.221591 0.213235 0.028409
