0 0.276961 0.230114 0.365196 0.026515
0 0.604167 0.230587 0.272059 0.025568
0 0.845588 0.229640 0.196078 0.027462
0 0.284314 0.276515 0.254902 0.028409
0 0.680760 0.276515 0.528186 0.026515
0 0.636642 0.322443 0.613971 0.027462
0 0.208946 0.321496 0.231618 0.027462
0 0.276348 0.427083 0.366422 0.028409
0 0.604167 0.428504 0.274510 0.025568
0 0.845588 0.427083 0.191176 0.022727
0 0.259191 0.473485 0.224265 0.026515
0 0.661152 0.473011 0.567402 0.027462
0 0.660539 0.518939 0.563725 0.028409
0 0.234069 0.517519 0.276961 0.023674
0 0.877451 0.633523 0.127451 0.024621
0 0.234681 0.737689 0.280637 0.024621
0 0.686275 0.738636 0.514706 0.028409
0 0.248775 0.807292 0.303922 0.025568
0 0.554534 0.806818 0.297794 0.026515
0 0.824142 0.806345 0.236520 0.025568
1 0.417892 0.106061 0.026961 0.018939
1 0.494485 0.106061 0.028186 0.018939
1 0.591299 0.107008 0.023284 0.018939
1 0.830270 0.128788 0.025735 0.022727
1 0.899510 0.128788 0.022059 0.020833
1 0.832108 0.544508 0.022059 0.017045
1 0.900123 0.544508 0.023284 0.017045
1 0.310662 0.604167 0.025735 0.017045
1 0.398284 0.606061 0.024510 0.018939
1 0.495098 0.606061 0.026961 0.018939
1 0.601716 0.606061 0.022059 0.020833
1 0.707108 0.606061 0.024510 0.018939
