1 0.631462 0.243380 0.011586 0.015132
1 0.424242 0.066835 0.010695 0.020177
1 0.458556 0.066204 0.013369 0.018916
1 0.819073 0.180328 0.008913 0.012610
1 0.819073 0.073140 0.010695 0.015132
0 0.771390 0.184741 0.009804 0.230769
0 0.705882 0.185372 0.010695 0.226986
0 0.601159 0.531526 0.020499 0.197982
0 0.599822 0.789407 0.016043 0.279950
0 0.342246 0.273014 0.017825 0.346784
0 0.342246 0.587642 0.019608 0.257251
0 0.346257 0.838588 0.018717 0.211854
0 0.249109 0.269231 0.015152 0.339218
0 0.249109 0.585750 0.013369 0.258512
0 0.248663 0.836066 0.012478 0.209332
0 0.224153 0.267339 0.020499 0.335435
0 0.225936 0.583859 0.016934 0.264817
0 0.225936 0.837327 0.016934 0.209332
0 0.665330 0.187894 0.009804 0.221942
