1 0.834559 0.106061 0.022059 0.018939
1 0.890319 0.105587 0.025735 0.017992
1 0.831495 0.240530 0.025735 0.017045
1 0.890319 0.242898 0.023284 0.017992
1 0.831495 0.364110 0.023284 0.017992
1 0.890319 0.363163 0.023284 0.019886
1 0.833333 0.469223 0.026961 0.019886
1 0.890319 0.470170 0.023284 0.019886
1 0.830270 0.796402 0.023284 0.020833
1 0.889706 0.795455 0.024510 0.018939
1 0.832108 0.869792 0.022059 0.021780
1 0.891544 0.872159 0.020833 0.018939
0 0.522059 0.204072 0.860294 0.050189
0 0.520221 0.325284 0.851716 0.050189
0 0.520833 0.432765 0.850490 0.054924
0 0.516544 0.538352 0.849265 0.052083
