0 0.876838 0.135890 0.133578 0.029356
0 0.639706 0.678504 0.607843 0.025568
0 0.262868 0.722064 0.216912 0.029356
0 0.360907 0.812027 0.537990 0.027462
0 0.788603 0.812027 0.310049 0.027462
1 0.102941 0.624527 0.022059 0.021780
1 0.281863 0.625473 0.026961 0.017992
1 0.409314 0.623580 0.026961 0.021780
1 0.546569 0.624527 0.022059 0.014205
1 0.673407 0.623580 0.018382 0.014205
1 0.160539 0.647727 0.022059 0.020833
1 0.280637 0.651042 0.026961 0.019886
1 0.408088 0.650095 0.029412 0.019886
1 0.546569 0.651989 0.022059 0.019886
1 0.164216 0.676136 0.024510 0.018939
1 0.832108 0.521780 0.019608 0.015152
1 0.889706 0.520833 0.019608 0.015152
1 0.832108 0.749527 0.019608 0.014205
1 0.890319 0.749527 0.018382 0.016098
