1 0.526961 0.326231 0.024510 0.016098
1 0.589461 0.325758 0.026961 0.017045
1 0.654412 0.326231 0.019608 0.017992
1 0.734069 0.324811 0.026961 0.017045
0 0.499387 0.142519 0.876225 0.161932
0 0.277574 0.253314 0.435049 0.016098
0 0.718137 0.254261 0.426471 0.021780
0 0.279412 0.289773 0.431373 0.018939
0 0.723039 0.289773 0.433824 0.017045
0 0.280637 0.325284 0.436275 0.019886
0 0.278799 0.361742 0.437500 0.018939
0 0.721201 0.360795 0.435049 0.017045
0 0.721814 0.397254 0.438725 0.019886
0 0.278186 0.398674 0.438725 0.020833
0 0.498775 0.434659 0.879902 0.020833
0 0.501838 0.472064 0.878676 0.019886
0 0.381740 0.546402 0.638480 0.028409
0 0.381127 0.592803 0.639706 0.022727
0 0.822304 0.553977 0.225490 0.017045
0 0.822304 0.598485 0.225490 0.015152
0 0.498775 0.634470 0.875000 0.018939
0 0.500613 0.817235 0.873775 0.268939
0 0.857843 0.321970 0.147059 0.020833
