1 0.833333 0.392992 0.022059 0.018939
1 0.899510 0.393939 0.022059 0.018939
1 0.773284 0.416667 0.019608 0.018939
1 0.626838 0.415720 0.025735 0.017045
1 0.544118 0.416667 0.022059 0.017045
1 0.832721 0.552083 0.023284 0.017045
1 0.899510 0.552557 0.022059 0.019886
1 0.674020 0.638258 0.024510 0.017045
1 0.702819 0.639205 0.020833 0.018939
1 0.731618 0.639205 0.024510 0.018939
0 0.219363 0.276042 0.252451 0.027462
0 0.501838 0.275568 0.214461 0.028409
0 0.786152 0.274621 0.312500 0.026515
0 0.733456 0.321496 0.420343 0.029356
0 0.305760 0.321496 0.422794 0.027462
0 0.305760 0.365530 0.420343 0.026515
0 0.519608 0.457386 0.845588 0.026515
0 0.878064 0.487216 0.128676 0.027462
0 0.374387 0.638258 0.555147 0.024621
0 0.848652 0.639205 0.187500 0.024621
0 0.373162 0.683712 0.555147 0.026515
0 0.702206 0.685133 0.093137 0.025568
0 0.849265 0.684186 0.186275 0.027462
0 0.235907 0.729167 0.285539 0.024621
0 0.469363 0.728693 0.166667 0.027462
0 0.753064 0.730114 0.381127 0.026515
0 0.286152 0.776042 0.383578 0.023674
0 0.740809 0.774621 0.403186 0.022727
0 0.286765 0.820076 0.382353 0.020833
