0 0.518382 0.661932 0.848039 0.026515
0 0.302696 0.729167 0.414216 0.024621
0 0.734681 0.731534 0.412990 0.025568
0 0.372549 0.799242 0.553922 0.026515
0 0.851716 0.800663 0.181373 0.027462
0 0.852328 0.844697 0.182598 0.028409
0 0.373162 0.845170 0.552696 0.029356
0 0.705270 0.843277 0.091912 0.025568
0 0.756740 0.889678 0.359069 0.027462
0 0.503064 0.888731 0.133578 0.023674
0 0.262255 0.888731 0.333333 0.025568
1 0.674632 0.798295 0.025735 0.018939
1 0.706495 0.798769 0.028186 0.017992
1 0.735294 0.799242 0.024510 0.018939
1 0.106005 0.506155 0.023284 0.017992
1 0.107230 0.529830 0.020833 0.016098
1 0.832721 0.105114 0.023284 0.018939
1 0.890319 0.106061 0.023284 0.020833
1 0.832721 0.158144 0.023284 0.018939
1 0.833946 0.234848 0.023284 0.018939
1 0.891544 0.159091 0.023284 0.018939
1 0.890319 0.235322 0.023284 0.017992
1 0.832721 0.309659 0.023284 0.018939
1 0.892157 0.310133 0.024510 0.019886
1 0.832108 0.332386 0.026961 0.017045
1 0.891544 0.334280 0.023284 0.018939
1 0.832108 0.384470 0.024510 0.020833
1 0.891544 0.385417 0.025735 0.018939
