0 0.518382 0.298295 0.850490 0.028409
0 0.308211 0.366004 0.425245 0.023674
0 0.735907 0.367898 0.417892 0.027462
0 0.754902 0.427557 0.377451 0.027462
0 0.305147 0.428504 0.414216 0.027462
0 0.294118 0.487689 0.394608 0.026515
0 0.519608 0.579545 0.848039 0.026515
0 0.312500 0.670928 0.223039 0.027462
0 0.696691 0.670455 0.224265 0.028409
0 0.302696 0.738636 0.414216 0.026515
0 0.717525 0.738163 0.403186 0.027462
0 0.302083 0.783617 0.417892 0.027462
1 0.107843 0.127841 0.024510 0.018939
1 0.107843 0.165246 0.026961 0.017992
1 0.832108 0.605587 0.022059 0.019886
1 0.889706 0.605114 0.019608 0.018939
1 0.832108 0.811080 0.022059 0.019886
1 0.889706 0.809659 0.024510 0.018939
0 0.511029 0.892992 0.835784 0.115530
