0 0.364583 0.108902 0.290441 0.024621
0 0.825368 0.108902 0.224265 0.024621
0 0.289828 0.149148 0.432598 0.016098
0 0.620711 0.151042 0.199755 0.014205
0 0.835172 0.150095 0.202206 0.017992
0 0.238358 0.212595 0.329657 0.029356
0 0.571691 0.211648 0.307598 0.031250
0 0.835172 0.217330 0.197304 0.016098
0 0.289828 0.250473 0.437500 0.016098
0 0.623162 0.252367 0.199755 0.016098
0 0.831495 0.254261 0.194853 0.016098
3 0.500613 0.317235 0.861520 0.070076
0 0.289828 0.392045 0.439951 0.047348
0 0.729167 0.392992 0.416667 0.043561
