1 0.323455 0.104724 0.031526 0.022282
1 0.438209 0.105615 0.034048 0.022282
1 0.552333 0.105615 0.030265 0.022282
1 0.706810 0.106061 0.034048 0.023173
1 0.436948 0.456774 0.031526 0.022282
1 0.322194 0.455882 0.031526 0.022282
1 0.705549 0.282086 0.031526 0.022282
1 0.551702 0.281194 0.031526 0.022282
1 0.436948 0.280303 0.031526 0.022282
1 0.323455 0.279412 0.031526 0.022282
1 0.436948 0.806150 0.031526 0.022282
1 0.322194 0.805258 0.031526 0.022282
1 0.706810 0.633244 0.031526 0.022282
1 0.551702 0.633244 0.031526 0.022282
1 0.436948 0.632353 0.031526 0.022282
1 0.322194 0.631462 0.031526 0.022282
1 0.705549 0.456774 0.031526 0.022282
1 0.552963 0.457665 0.031526 0.022282
1 0.705549 0.807041 0.031526 0.022282
1 0.551702 0.807041 0.031526 0.022282
0 0.416141 0.067736 0.219420 0.024955
0 0.413619 0.769162 0.219420 0.024955
0 0.414880 0.595365 0.219420 0.024955
0 0.416141 0.418895 0.219420 0.024955
0 0.414880 0.244207 0.219420 0.024955
0 0.638714 0.068182 0.215637 0.024064
0 0.639975 0.768717 0.215637 0.024064
0 0.638714 0.594920 0.215637 0.024064
0 0.638714 0.420232 0.215637 0.024064
0 0.638714 0.243761 0.215637 0.024064
0 0.825977 0.068627 0.143758 0.023173
0 0.825977 0.244207 0.143758 0.023173
0 0.638083 0.150624 0.143758 0.023173
0 0.484237 0.150624 0.143758 0.023173
0 0.824716 0.595365 0.143758 0.023173
0 0.825977 0.420677 0.143758 0.023173
0 0.639344 0.503565 0.143758 0.023173
0 0.481715 0.502674 0.143758 0.023173
0 0.491803 0.323529 0.143758 0.023173
0 0.640605 0.326203 0.143758 0.023173
0 0.639344 0.679144 0.143758 0.023173
0 0.485498 0.678253 0.143758 0.023173
0 0.482976 0.852941 0.143758 0.023173
0 0.639344 0.852941 0.143758 0.023173
0 0.827238 0.770053 0.143758 0.023173
0 0.810214 0.151961 0.170240 0.025847
0 0.811475 0.852496 0.170240 0.025847
0 0.811475 0.679590 0.170240 0.025847
0 0.808953 0.501337 0.170240 0.025847
0 0.810214 0.325758 0.170240 0.025847
