0 0.769608 0.116004 0.333333 0.023674
0 0.291667 0.171402 0.438725 0.043561
0 0.728554 0.171402 0.412990 0.043561
0 0.729779 0.237216 0.415441 0.044508
0 0.291054 0.236742 0.439951 0.045455
0 0.505515 0.381155 0.866422 0.065341
0 0.505515 0.896780 0.863971 0.024621
0 0.772059 0.857008 0.330882 0.015152
1 0.080270 0.289299 0.013480 0.008523
1 0.080270 0.306345 0.011029 0.010417
1 0.080270 0.321496 0.013480 0.010417
1 0.197917 0.289773 0.013480 0.009470
1 0.198529 0.306345 0.012255 0.010417
1 0.529412 0.289299 0.012255 0.008523
1 0.528799 0.305398 0.011029 0.010417
1 0.529412 0.321496 0.014706 0.010417
1 0.647672 0.289773 0.013480 0.009470
1 0.646446 0.305398 0.013480 0.008523
1 0.084559 0.491951 0.019608 0.014205
1 0.085172 0.507576 0.015931 0.013258
1 0.084559 0.523201 0.017157 0.012311
1 0.084559 0.538352 0.017157 0.012311
1 0.084559 0.578598 0.019608 0.013258
1 0.084559 0.619318 0.017157 0.013258
1 0.084559 0.659564 0.017157 0.014205
1 0.083946 0.699811 0.018382 0.013258
1 0.083946 0.739583 0.018382 0.013258
1 0.085172 0.754261 0.018382 0.012311
1 0.084559 0.785038 0.017157 0.013258
1 0.532475 0.492898 0.015931 0.014205
1 0.533088 0.507576 0.017157 0.011364
1 0.533088 0.523201 0.017157 0.014205
1 0.533088 0.538826 0.017157 0.013258
1 0.533088 0.569129 0.019608 0.015152
1 0.533701 0.608428 0.018382 0.012311
1 0.533088 0.622633 0.017157 0.014205
1 0.533088 0.664773 0.017157 0.013258
1 0.534314 0.705019 0.019608 0.016098
1 0.533701 0.746212 0.015931 0.013258
1 0.532475 0.784564 0.018382 0.014205
1 0.533701 0.801136 0.018382 0.013258
1 0.080270 0.839489 0.013480 0.008523
1 0.080270 0.858428 0.011029 0.008523
1 0.528799 0.838542 0.015931 0.008523
