0 0.462799 0.090909 0.216898 0.021390
0 0.686003 0.090909 0.216898 0.023173
0 0.872636 0.091800 0.141236 0.023173
0 0.532156 0.174688 0.146280 0.021390
0 0.687894 0.173797 0.142497 0.023173
0 0.858764 0.174688 0.168979 0.021390
0 0.462799 0.793226 0.216898 0.021390
0 0.464061 0.618538 0.216898 0.021390
0 0.462799 0.442959 0.216898 0.021390
0 0.464061 0.268271 0.216898 0.021390
0 0.684741 0.793226 0.216898 0.023173
0 0.684741 0.619430 0.216898 0.023173
0 0.686003 0.442068 0.216898 0.023173
0 0.686003 0.268271 0.216898 0.023173
0 0.872636 0.794118 0.141236 0.023173
0 0.875158 0.620321 0.141236 0.023173
0 0.873897 0.442959 0.141236 0.023173
0 0.872636 0.268271 0.141236 0.023173
0 0.532156 0.877005 0.146280 0.021390
0 0.532156 0.703209 0.146280 0.021390
0 0.532156 0.526738 0.146280 0.021390
0 0.532156 0.351159 0.146280 0.021390
0 0.685372 0.877005 0.142497 0.023173
0 0.685372 0.702317 0.142497 0.023173
0 0.686633 0.525847 0.142497 0.023173
0 0.686633 0.352050 0.142497 0.023173
0 0.858764 0.702317 0.168979 0.021390
0 0.857503 0.877005 0.168979 0.021390
0 0.856242 0.525847 0.168979 0.021390
0 0.857503 0.352050 0.168979 0.021390
1 0.371375 0.128342 0.031526 0.023173
1 0.486129 0.128342 0.031526 0.023173
1 0.599622 0.128788 0.034048 0.022282
1 0.753468 0.128342 0.031526 0.023173
1 0.486129 0.480392 0.031526 0.023173
1 0.370113 0.479501 0.031526 0.023173
1 0.753468 0.305704 0.031526 0.023173
1 0.599622 0.305704 0.031526 0.023173
1 0.484868 0.304813 0.031526 0.023173
1 0.371375 0.305704 0.031526 0.023173
1 0.483607 0.829768 0.031526 0.023173
1 0.370113 0.829768 0.031526 0.023173
1 0.753468 0.657754 0.031526 0.023173
1 0.599622 0.656863 0.031526 0.023173
1 0.484868 0.656863 0.031526 0.023173
1 0.370113 0.655971 0.031526 0.023173
1 0.753468 0.481283 0.031526 0.023173
1 0.599622 0.480392 0.031526 0.023173
1 0.754729 0.830660 0.031526 0.023173
1 0.599622 0.830660 0.031526 0.023173
