0 0.621690 0.094029 0.569987 0.022282
0 0.621059 0.143494 0.571248 0.021390
0 0.213115 0.490642 0.335435 0.032977
3 0.568096 0.491979 0.334174 0.033868
0 0.832913 0.486185 0.147541 0.024064
0 0.129887 0.601159 0.168979 0.065062
0 0.214376 0.671123 0.335435 0.033868
3 0.569357 0.671123 0.334174 0.033868
0 0.832282 0.666667 0.143758 0.023173
0 0.326608 0.749109 0.050441 0.022282
0 0.325977 0.805258 0.051702 0.020499
0 0.325347 0.834225 0.050441 0.023173
0 0.326608 0.865865 0.050441 0.020499
0 0.520177 0.806150 0.177806 0.022282
0 0.520177 0.833779 0.177806 0.022282
0 0.520177 0.866756 0.177806 0.022282
0 0.788777 0.806150 0.177806 0.024064
0 0.788777 0.833779 0.177806 0.024064
0 0.790038 0.864082 0.177806 0.024064
0 0.790038 0.897950 0.177806 0.024064
0 0.447667 0.930927 0.146280 0.024064
0 0.626103 0.932264 0.145019 0.023173
1 0.353720 0.204100 0.031526 0.023173
1 0.482346 0.204991 0.031526 0.023173
