0 0.776166 0.398841 0.354351 0.020499
0 0.667718 0.452763 0.566204 0.023173
0 0.668979 0.507576 0.568726 0.022282
0 0.524590 0.542781 0.282472 0.021390
0 0.810214 0.542781 0.286255 0.021390
0 0.667718 0.611854 0.566204 0.024064
0 0.708701 0.884581 0.138714 0.020499
0 0.708701 0.909091 0.138714 0.023173
0 0.708701 0.937611 0.138714 0.023173
1 0.399117 0.374332 0.031526 0.021390
1 0.399117 0.398841 0.031526 0.024064
1 0.507566 0.372549 0.034048 0.023173
1 0.659521 0.373440 0.032787 0.023173
1 0.401009 0.764706 0.032787 0.019608
1 0.399117 0.811497 0.031526 0.024064
1 0.401009 0.887701 0.030265 0.023173
1 0.401009 0.936720 0.032787 0.021390
0 0.615385 0.782977 0.284994 0.024064
0 0.615385 0.828431 0.287516 0.024064
