0 0.723652 0.176610 0.412990 0.021780
0 0.573529 0.202652 0.174020 0.022727
0 0.865809 0.203125 0.131127 0.023674
0 0.518995 0.275095 0.221814 0.027462
0 0.789216 0.275568 0.289216 0.028409
0 0.240196 0.541193 0.286765 0.027462
0 0.528799 0.540720 0.275735 0.024621
0 0.809436 0.540246 0.265931 0.023674
0 0.520833 0.608902 0.845588 0.024621
0 0.383578 0.654830 0.575980 0.025568
0 0.857843 0.654356 0.166667 0.024621
0 0.382966 0.699337 0.572304 0.023674
0 0.723652 0.699811 0.091912 0.024621
0 0.860294 0.700284 0.166667 0.025568
0 0.243873 0.745265 0.294118 0.024621
0 0.475490 0.745739 0.156863 0.023674
0 0.751838 0.745265 0.381127 0.022727
0 0.513480 0.880208 0.845588 0.139205
1 0.073529 0.178030 0.017157 0.011364
1 0.248775 0.177557 0.017157 0.012311
1 0.245098 0.241951 0.024510 0.017992
1 0.707721 0.375000 0.020833 0.018939
1 0.775735 0.375473 0.024510 0.017992
1 0.709559 0.405303 0.022059 0.017045
1 0.776348 0.404356 0.023284 0.017045
1 0.708333 0.440814 0.019608 0.016098
1 0.777574 0.443655 0.023284 0.019886
1 0.693627 0.655777 0.022059 0.019886
1 0.723652 0.655303 0.020833 0.018939
1 0.752451 0.655303 0.024510 0.017045
1 0.827206 0.775095 0.019608 0.016098
1 0.895221 0.776515 0.023284 0.018939
