0 0.382966 0.139678 0.569853 0.023674
0 0.857843 0.138731 0.166667 0.023674
0 0.383578 0.184659 0.571078 0.022727
0 0.723652 0.184659 0.089461 0.022727
0 0.857843 0.184186 0.166667 0.021780
0 0.752451 0.230587 0.377451 0.025568
0 0.475490 0.229640 0.156863 0.021780
0 0.243873 0.231061 0.291667 0.024621
0 0.231005 0.307292 0.263480 0.023674
0 0.530637 0.306345 0.245098 0.025568
0 0.538603 0.351799 0.221814 0.023674
0 0.231618 0.351326 0.264706 0.020833
0 0.248775 0.487689 0.223039 0.022727
0 0.553309 0.488163 0.246324 0.023674
0 0.264093 0.662405 0.332108 0.023674
0 0.569853 0.661932 0.262255 0.024621
0 0.829657 0.661932 0.225490 0.024621
0 0.520221 0.730587 0.844363 0.023674
0 0.380515 0.775568 0.567402 0.022727
0 0.860294 0.776042 0.166667 0.021780
0 0.380515 0.821023 0.564951 0.022727
0 0.717525 0.821023 0.087010 0.022727
0 0.859681 0.821496 0.165441 0.025568
0 0.242034 0.866951 0.292892 0.025568
0 0.472426 0.866951 0.155637 0.023674
0 0.750613 0.867898 0.386029 0.025568
1 0.694240 0.140152 0.020833 0.017045
1 0.753064 0.140152 0.020833 0.017045
1 0.723652 0.139205 0.020833 0.017045
1 0.109681 0.401515 0.023284 0.015152
1 0.108456 0.424242 0.020833 0.017045
1 0.107230 0.446970 0.025735 0.017045
1 0.826593 0.548295 0.023284 0.017045
1 0.895221 0.548769 0.020833 0.017992
1 0.688113 0.775568 0.023284 0.017045
1 0.715686 0.775568 0.022059 0.017045
1 0.746324 0.776042 0.024510 0.017992
