0 0.254902 0.139678 0.316176 0.025568
0 0.602941 0.139678 0.267157 0.021780
0 0.275735 0.185606 0.279412 0.026515
0 0.613358 0.185606 0.246324 0.026515
0 0.256127 0.230587 0.313725 0.023674
0 0.916667 0.329545 0.053922 0.022727
0 0.916054 0.360322 0.052696 0.025568
0 0.916054 0.389205 0.047794 0.022727
0 0.917279 0.427557 0.050245 0.025568
0 0.916054 0.481534 0.047794 0.023674
0 0.916667 0.518939 0.051471 0.024621
0 0.287377 0.715909 0.381127 0.026515
0 0.715074 0.717330 0.457108 0.023674
0 0.877451 0.745739 0.132353 0.027462
0 0.401348 0.745739 0.153186 0.025568
0 0.278799 0.889678 0.089461 0.023674
0 0.278186 0.911932 0.088235 0.022727
0 0.279412 0.934659 0.088235 0.024621
0 0.416667 0.890152 0.127451 0.022727
0 0.416667 0.913352 0.127451 0.023674
0 0.417279 0.935606 0.128676 0.022727
1 0.109681 0.625000 0.020833 0.018939
1 0.110294 0.646780 0.026961 0.017045
