0 0.320466 0.111742 0.383578 0.017045
0 0.317402 0.132576 0.382353 0.015152
0 0.783701 0.111742 0.307598 0.015152
0 0.784314 0.132576 0.311275 0.015152
0 0.503064 0.174242 0.876225 0.018939
0 0.312500 0.215436 0.397059 0.021780
0 0.313113 0.237689 0.400735 0.022727
0 0.782475 0.215436 0.312500 0.021780
0 0.784314 0.237689 0.316176 0.022727
0 0.284314 0.285511 0.448529 0.025568
0 0.726103 0.285511 0.427696 0.023674
0 0.252451 0.355114 0.080882 0.020833
0 0.469363 0.355114 0.083333 0.020833
0 0.726103 0.356061 0.430147 0.024621
0 0.496324 0.491477 0.877451 0.117424
0 0.222426 0.681345 0.307598 0.025568
3 0.583333 0.680871 0.269608 0.022727
0 0.224265 0.732008 0.313725 0.028409
0 0.393382 0.773201 0.654412 0.021780
0 0.783088 0.824811 0.149510 0.020833
0 0.700368 0.845170 0.327206 0.019886
0 0.281863 0.847064 0.291667 0.016098
0 0.181373 0.829545 0.090686 0.015152
0 0.322917 0.866951 0.194853 0.019886
0 0.750613 0.867424 0.238971 0.018939
0 0.220588 0.885417 0.095588 0.017045
0 0.313725 0.934186 0.500000 0.023674
0 0.755515 0.934186 0.319853 0.023674
1 0.242034 0.822443 0.033088 0.023674
1 0.382353 0.824811 0.026961 0.022727
1 0.490809 0.825758 0.025735 0.022727
1 0.601103 0.824811 0.025735 0.022727
