0 0.239583 0.184659 0.292892 0.028409
0 0.534926 0.184659 0.287990 0.026515
0 0.812500 0.185133 0.259804 0.027462
0 0.147672 0.261364 0.104167 0.026515
0 0.381127 0.215909 0.213235 0.024621
0 0.263480 0.260417 0.100490 0.028409
0 0.379902 0.261364 0.098039 0.026515
0 0.522059 0.328598 0.848039 0.089015
0 0.148897 0.428030 0.099265 0.020833
0 0.264093 0.426136 0.096814 0.024621
0 0.381740 0.428030 0.101716 0.026515
0 0.517770 0.505208 0.849265 0.112689
0 0.147059 0.595644 0.098039 0.024621
0 0.264093 0.594223 0.099265 0.023674
0 0.383578 0.594223 0.105392 0.029356
0 0.520221 0.674716 0.851716 0.110795
0 0.147059 0.760890 0.100490 0.025568
0 0.264093 0.761364 0.099265 0.024621
0 0.383578 0.761364 0.098039 0.024621
0 0.520221 0.843750 0.846814 0.115530
