0 0.674653 0.212567 0.239596 0.024064
0 0.754729 0.270053 0.399748 0.026738
0 0.921816 0.330214 0.068096 0.025847
0 0.754729 0.370766 0.399748 0.026738
0 0.754098 0.413102 0.395965 0.025847
0 0.754098 0.451872 0.395965 0.024955
0 0.581337 0.515152 0.050441 0.028520
0 0.638714 0.515152 0.051702 0.026738
0 0.717528 0.514260 0.100883 0.026738
0 0.580076 0.656863 0.052963 0.028520
0 0.638714 0.657308 0.051702 0.027629
0 0.717528 0.658200 0.098361 0.024064
1 0.597730 0.593583 0.032787 0.016043
1 0.598361 0.613191 0.034048 0.017825
1 0.587011 0.330660 0.029004 0.016043
1 0.632409 0.330660 0.023960 0.017825
1 0.683480 0.331551 0.020177 0.019608
1 0.740858 0.330660 0.026482 0.019608
1 0.785624 0.330660 0.020177 0.019608
1 0.834805 0.328877 0.027743 0.017825
