0 0.735813 0.516043 0.437579 0.026738
0 0.735813 0.559269 0.432535 0.027629
0 0.831021 0.680927 0.244641 0.026738
3 0.735813 0.879234 0.427491 0.040107
0 0.765448 0.915775 0.052963 0.027629
0 0.824086 0.915330 0.051702 0.026738
0 0.904161 0.915775 0.090794 0.027629
3 0.278689 0.818627 0.401009 0.040107
0 0.288146 0.856952 0.054224 0.027629
0 0.345523 0.855615 0.052963 0.026738
0 0.430013 0.855615 0.098361 0.026738
0 0.274905 0.437611 0.378310 0.026738
1 0.454603 0.273173 0.023960 0.016934
1 0.486759 0.090018 0.030265 0.016043
1 0.488020 0.108289 0.032787 0.016934
