1 0.192308 0.121212 0.034048 0.016043
1 0.191047 0.139483 0.031526 0.016934
1 0.111602 0.230838 0.023960 0.017825
1 0.158260 0.229501 0.026482 0.016934
1 0.208071 0.229947 0.025221 0.019608
1 0.265448 0.229501 0.023960 0.016934
1 0.308953 0.230838 0.025221 0.017825
1 0.358764 0.230838 0.023960 0.017825
0 0.441992 0.229501 0.066835 0.029412
0 0.278689 0.273619 0.401009 0.026738
0 0.278689 0.315508 0.398487 0.026738
0 0.278689 0.357398 0.398487 0.026738
0 0.104666 0.405526 0.047919 0.026738
0 0.160151 0.404189 0.050441 0.024064
0 0.242119 0.404189 0.100883 0.024064
0 0.197982 0.838681 0.242119 0.026738
0 0.640605 0.742870 0.242119 0.027629
0 0.735813 0.697861 0.435057 0.026738
0 0.735813 0.654189 0.432535 0.026738
0 0.735813 0.397950 0.432535 0.027629
0 0.735813 0.352941 0.432535 0.026738
0 0.546028 0.257576 0.052963 0.026738
0 0.616646 0.254902 0.070618 0.024955
0 0.695460 0.256239 0.071879 0.027629
0 0.778689 0.256239 0.074401 0.027629
