0 0.332721 0.202652 0.584559 0.015152
0 0.787377 0.204545 0.312500 0.015152
0 0.788603 0.232955 0.312500 0.015152
0 0.178309 0.233902 0.278186 0.015152
0 0.474877 0.232955 0.300245 0.013258
0 0.814338 0.331913 0.268382 0.025568
0 0.277574 0.300189 0.155637 0.018939
0 0.802083 0.571970 0.302696 0.015152
3 0.253064 0.743845 0.435049 0.014205
0 0.254902 0.774148 0.433824 0.016098
0 0.142770 0.803030 0.207108 0.015152
0 0.363358 0.803030 0.216912 0.015152
0 0.255515 0.833333 0.430147 0.015152
0 0.712623 0.774148 0.464461 0.071023
0 0.710784 0.832386 0.468137 0.017045
0 0.723039 0.901042 0.482843 0.086174
1 0.053309 0.300189 0.040441 0.032197
1 0.054534 0.330492 0.040441 0.028409
1 0.056373 0.540720 0.039216 0.030303
1 0.054534 0.571023 0.040441 0.028409
1 0.054534 0.598485 0.042892 0.030303
1 0.494485 0.279830 0.040441 0.031250
1 0.494485 0.310133 0.037990 0.029356
