1 0.041667 0.161458 0.026961 0.016098
1 0.039216 0.176136 0.029412 0.015152
1 0.039216 0.191761 0.024510 0.016098
1 0.074142 0.244792 0.028186 0.017992
1 0.193015 0.245739 0.023284 0.021780
1 0.041667 0.266098 0.026961 0.018939
1 0.040441 0.282670 0.022059 0.012311
1 0.041054 0.296402 0.028186 0.017045
1 0.356618 0.161458 0.029412 0.016098
1 0.356618 0.176136 0.029412 0.015152
1 0.356618 0.189867 0.029412 0.016098
1 0.356005 0.204545 0.025735 0.013258
1 0.481618 0.162405 0.029412 0.016098
1 0.483456 0.178030 0.033088 0.015152
1 0.564338 0.162405 0.028186 0.016098
1 0.689338 0.176136 0.023284 0.015152
1 0.689951 0.190814 0.024510 0.016098
1 0.690564 0.205492 0.025735 0.011364
1 0.356618 0.279830 0.022059 0.017992
1 0.359069 0.296402 0.024510 0.015152
1 0.559436 0.280777 0.028186 0.016098
1 0.559436 0.297348 0.030637 0.015152
1 0.663603 0.281723 0.025735 0.014205
1 0.664216 0.296402 0.024510 0.015152
1 0.511642 0.418561 0.030637 0.015152
1 0.512255 0.434186 0.024510 0.016098
1 0.039216 0.417614 0.024510 0.013258
1 0.040441 0.432292 0.026961 0.016098
1 0.041054 0.479167 0.028186 0.015152
1 0.041054 0.496686 0.028186 0.014205
0 0.263480 0.132576 0.473039 0.015152
0 0.618260 0.132576 0.236520 0.015152
0 0.851716 0.133523 0.237745 0.017045
0 0.512255 0.232008 0.328431 0.015152
0 0.865809 0.280777 0.087010 0.016098
0 0.134191 0.324811 0.209559 0.017045
0 0.808824 0.325758 0.323529 0.011364
0 0.816789 0.363163 0.285539 0.027462
0 0.266544 0.365530 0.449755 0.018939
0 0.391544 0.416667 0.202206 0.015152
0 0.392770 0.446970 0.214461 0.015152
0 0.860907 0.446023 0.207108 0.017045
0 0.743260 0.406723 0.383578 0.019886
0 0.380515 0.488636 0.189951 0.017045
0 0.609069 0.489583 0.247549 0.015152
0 0.902574 0.489583 0.140931 0.013258
3 0.262255 0.574811 0.460784 0.028409
0 0.264093 0.613636 0.459559 0.015152
0 0.264706 0.644886 0.463235 0.015152
0 0.264706 0.676136 0.463235 0.015152
0 0.736520 0.607008 0.463235 0.089015
0 0.735907 0.676136 0.462010 0.015152
0 0.921569 0.725852 0.093137 0.035038
3 0.264093 0.775095 0.462010 0.029356
0 0.262868 0.812973 0.459559 0.014205
0 0.264093 0.844223 0.459559 0.016098
0 0.115809 0.874527 0.165441 0.014205
0 0.351103 0.875473 0.285539 0.016098
0 0.264706 0.921402 0.463235 0.045455
0 0.736520 0.804924 0.463235 0.090909
0 0.735907 0.875473 0.462010 0.014205
0 0.734069 0.920455 0.463235 0.045455
