0 0.839461 0.058239 0.237745 0.023674
0 0.136642 0.102273 0.212010 0.017045
0 0.241422 0.296402 0.281863 0.018939
0 0.248162 0.315814 0.285539 0.017992
0 0.251838 0.337595 0.297794 0.017992
0 0.743873 0.273674 0.433824 0.022727
0 0.757966 0.295455 0.400735 0.017045
0 0.757966 0.313920 0.398284 0.012311
0 0.776961 0.334754 0.362745 0.019886
0 0.199755 0.900568 0.250000 0.028409
3 0.639093 0.893939 0.535539 0.037879
0 0.642157 0.939867 0.531863 0.021780
1 0.726716 0.081439 0.022059 0.015152
1 0.726716 0.100379 0.024510 0.018939
1 0.873162 0.081439 0.023284 0.015152
1 0.873162 0.099905 0.023284 0.017992
