1 0.041667 0.160511 0.029412 0.016098
1 0.040441 0.177083 0.026961 0.015152
1 0.040441 0.191761 0.029412 0.014205
1 0.077206 0.243845 0.026961 0.017992
1 0.194240 0.245739 0.028186 0.017992
1 0.040441 0.266098 0.024510 0.015152
1 0.039216 0.280777 0.024510 0.014205
1 0.038603 0.297348 0.025735 0.015152
1 0.356618 0.281723 0.024510 0.016098
1 0.357843 0.296402 0.026961 0.015152
1 0.357843 0.161458 0.022059 0.016098
1 0.356618 0.176136 0.022059 0.015152
1 0.356618 0.190814 0.022059 0.016098
1 0.356618 0.205492 0.026961 0.015152
1 0.481618 0.161458 0.026961 0.014205
1 0.481618 0.177083 0.026961 0.013258
1 0.562500 0.162405 0.024510 0.016098
1 0.689951 0.175189 0.024510 0.015152
1 0.690564 0.190814 0.020833 0.014205
1 0.690564 0.205492 0.020833 0.013258
1 0.559436 0.281723 0.025735 0.016098
1 0.560662 0.296402 0.023284 0.013258
1 0.664216 0.280777 0.022059 0.016098
1 0.664216 0.296402 0.022059 0.017045
1 0.509804 0.417614 0.026961 0.017045
1 0.509804 0.433239 0.026961 0.014205
1 0.040441 0.416667 0.024510 0.017045
1 0.041054 0.434186 0.028186 0.017992
1 0.040441 0.479167 0.024510 0.017045
1 0.039216 0.494792 0.026961 0.019886
0 0.262868 0.134470 0.466912 0.015152
0 0.615809 0.133523 0.229167 0.011364
0 0.851716 0.134470 0.232843 0.011364
0 0.512868 0.232955 0.327206 0.017045
0 0.827206 0.232008 0.279412 0.017045
0 0.265319 0.367898 0.462010 0.019886
0 0.736520 0.368845 0.458333 0.019886
0 0.863358 0.447917 0.214461 0.015152
0 0.757966 0.407670 0.410539 0.019886
0 0.382966 0.415720 0.192402 0.013258
0 0.384191 0.445076 0.194853 0.013258
0 0.381740 0.491951 0.189951 0.014205
0 0.608456 0.490530 0.248775 0.015152
0 0.903186 0.493845 0.129902 0.012311
3 0.262255 0.576705 0.460784 0.022727
0 0.261642 0.613636 0.462010 0.015152
0 0.262255 0.643939 0.460784 0.013258
0 0.262255 0.677083 0.463235 0.013258
0 0.734681 0.606061 0.459559 0.092803
0 0.735907 0.676136 0.459559 0.015152
0 0.921569 0.725852 0.093137 0.033144
3 0.262868 0.773674 0.462010 0.028409
0 0.265319 0.813920 0.462010 0.016098
0 0.264706 0.843277 0.463235 0.016098
0 0.736520 0.807292 0.458333 0.089962
0 0.118260 0.876420 0.162990 0.016098
0 0.353554 0.878314 0.290441 0.016098
0 0.736520 0.878314 0.463235 0.016098
0 0.262868 0.921402 0.459559 0.043561
0 0.735907 0.921402 0.462010 0.045455
