1 0.068096 0.141266 0.025221 0.013369
1 0.061791 0.264706 0.022699 0.016043
1 0.136192 0.264706 0.020177 0.016043
1 0.064313 0.525847 0.022699 0.014260
1 0.063052 0.544118 0.020177 0.015152
1 0.065574 0.565954 0.020177 0.014260
1 0.063052 0.583333 0.020177 0.013369
1 0.306431 0.525847 0.022699 0.014260
1 0.307692 0.545009 0.022699 0.016934
1 0.525851 0.525847 0.020177 0.012478
1 0.530265 0.546346 0.023960 0.014260
1 0.785624 0.525847 0.025221 0.016043
0 0.742119 0.063280 0.372005 0.033868
0 0.409206 0.170677 0.757881 0.016934
0 0.880202 0.172906 0.163934 0.014260
0 0.244641 0.201872 0.436318 0.013369
0 0.631148 0.203209 0.313997 0.016043
0 0.879571 0.202763 0.167718 0.013369
0 0.244010 0.230392 0.437579 0.016934
0 0.632409 0.234403 0.319042 0.014260
0 0.880832 0.233512 0.172762 0.016043
0 0.799496 0.263815 0.340479 0.021390
0 0.545397 0.295455 0.853720 0.015152
0 0.496847 0.354278 0.935687 0.070410
0 0.504414 0.459002 0.930643 0.074866
0 0.415511 0.546346 0.069357 0.017825
0 0.651955 0.566399 0.196721 0.016934
0 0.821564 0.566399 0.059269 0.016934
0 0.319042 0.766934 0.585120 0.016934
0 0.319042 0.817291 0.582598 0.049911
0 0.892812 0.765152 0.156368 0.029412
0 0.789407 0.799911 0.360656 0.016934
0 0.789407 0.830214 0.355612 0.016934
0 0.789407 0.863191 0.355612 0.013369
0 0.878941 0.901070 0.171501 0.024955
0 0.612863 0.901070 0.345523 0.024955
3 0.231400 0.897059 0.404792 0.024064
