0 0.750315 0.065954 0.393443 0.024955
0 0.495586 0.440731 0.933165 0.032977
0 0.494325 0.489305 0.933165 0.033868
0 0.495586 0.540553 0.933165 0.032977
0 0.428752 0.608289 0.090794 0.013369
3 0.232661 0.673797 0.412358 0.026738
0 0.619168 0.673797 0.345523 0.026738
0 0.877049 0.673797 0.172762 0.023173
0 0.846784 0.808824 0.230769 0.015152
0 0.754098 0.831996 0.047919 0.020499
1 0.063682 0.352496 0.021438 0.013369
1 0.064943 0.366756 0.023960 0.013369
1 0.064943 0.384581 0.021438 0.016934
1 0.255359 0.368984 0.023960 0.016043
1 0.619798 0.352496 0.021438 0.013369
1 0.621059 0.366756 0.023960 0.013369
1 0.075032 0.579768 0.023960 0.016934
1 0.069987 0.607398 0.016393 0.015152
1 0.472257 0.581551 0.021438 0.013369
1 0.069987 0.638592 0.023960 0.013369
1 0.539723 0.702763 0.022699 0.013369
1 0.594578 0.703209 0.016393 0.016043
1 0.653216 0.703209 0.022699 0.016043
1 0.540984 0.729501 0.020177 0.013369
1 0.597100 0.729947 0.021438 0.012478
1 0.654477 0.729947 0.020177 0.016043
1 0.749685 0.722371 0.018916 0.013369
1 0.805170 0.721034 0.016393 0.014260
1 0.862547 0.722371 0.017654 0.013369
1 0.436948 0.757576 0.023960 0.016043
1 0.538462 0.755793 0.020177 0.016043
1 0.595839 0.756239 0.018916 0.016934
1 0.654477 0.756239 0.020177 0.013369
1 0.748424 0.777184 0.021438 0.017825
1 0.805170 0.777184 0.016393 0.016043
1 0.380832 0.804367 0.027743 0.016934
1 0.435687 0.803922 0.023960 0.016043
1 0.495586 0.803476 0.022699 0.013369
1 0.120429 0.804813 0.018916 0.014260
1 0.173392 0.805258 0.021438 0.016934
1 0.232030 0.806150 0.022699 0.015152
1 0.538462 0.834225 0.022699 0.012478
1 0.680958 0.830214 0.022699 0.016934
1 0.538462 0.889929 0.020177 0.016934
1 0.611602 0.889929 0.022699 0.015152
0 0.569987 0.387701 0.794451 0.019608
