0 0.887255 0.733902 0.051471 0.017045
0 0.848652 0.762311 0.118873 0.015152
0 0.238358 0.837595 0.346814 0.017992
0 0.460172 0.837595 0.033088 0.017992
0 0.722426 0.835227 0.430147 0.020833
0 0.419730 0.868845 0.712010 0.023674
0 0.879902 0.870739 0.107843 0.021780
0 0.257353 0.904830 0.392157 0.019886
0 0.506740 0.905777 0.050245 0.017992
0 0.616422 0.904830 0.095588 0.021780
0 0.816789 0.904830 0.229167 0.021780
3 0.455882 0.934186 0.514706 0.019886
0 0.841912 0.937027 0.188725 0.021780
0 0.197917 0.800189 0.261029 0.022727
2 0.352941 0.795455 0.017157 0.017045
2 0.563113 0.795455 0.015931 0.015152
2 0.698529 0.796402 0.014706 0.015152
