1 0.750613 0.116004 0.015931 0.012311
1 0.854167 0.116004 0.017157 0.012311
1 0.750000 0.129261 0.014706 0.010417
1 0.748775 0.143466 0.014706 0.010417
1 0.748775 0.155303 0.017157 0.011364
1 0.853554 0.128788 0.013480 0.011364
1 0.854779 0.142992 0.015931 0.009470
1 0.853554 0.155777 0.013480 0.012311
0 0.637255 0.276989 0.193627 0.016098
0 0.848039 0.277462 0.169118 0.022727
0 0.848039 0.336174 0.171569 0.024621
0 0.848039 0.359848 0.169118 0.022727
0 0.847426 0.382576 0.172794 0.018939
0 0.850490 0.414299 0.169118 0.023674
0 0.850490 0.438447 0.171569 0.018939
0 0.656863 0.459754 0.154412 0.019886
0 0.658088 0.493371 0.159314 0.024621
0 0.846814 0.514678 0.171569 0.023674
0 0.846201 0.538826 0.165441 0.022727
0 0.846201 0.562973 0.177696 0.016098
0 0.653799 0.594697 0.165441 0.024621
0 0.848652 0.619318 0.172794 0.024621
0 0.847426 0.812500 0.175245 0.022727
0 0.846201 0.836174 0.177696 0.017045
0 0.845588 0.879735 0.174020 0.022727
0 0.850490 0.913352 0.181373 0.023674
