1 0.864528 0.749685 0.008913 0.011349
1 0.862299 0.857503 0.008021 0.017654
1 0.852050 0.757251 0.007130 0.016393
1 0.851159 0.860656 0.008913 0.021438
1 0.836898 0.756620 0.007130 0.015132
1 0.837790 0.858764 0.007130 0.012610
1 0.824421 0.752837 0.010695 0.015132
1 0.824866 0.859395 0.008021 0.013871
1 0.710784 0.753468 0.008021 0.016393
1 0.712121 0.859395 0.008913 0.013871
1 0.700089 0.754098 0.009804 0.017654
1 0.700980 0.857503 0.006239 0.017654
1 0.686720 0.755990 0.008021 0.013871
1 0.690731 0.858764 0.007130 0.012610
1 0.673797 0.754098 0.008913 0.010088
1 0.677807 0.858764 0.011586 0.012610
1 0.651515 0.752837 0.008913 0.015132
1 0.649733 0.858134 0.008913 0.013871
1 0.540553 0.755359 0.011586 0.012610
1 0.540553 0.858134 0.009804 0.011349
1 0.526292 0.754098 0.008021 0.012610
1 0.525847 0.858764 0.007130 0.012610
1 0.513815 0.754729 0.009804 0.013871
1 0.512923 0.858764 0.008021 0.012610
1 0.501337 0.752207 0.011586 0.011349
1 0.500446 0.860025 0.009804 0.012610
1 0.389929 0.753468 0.009804 0.016393
1 0.375223 0.753468 0.007130 0.016393
1 0.362299 0.752207 0.008021 0.013871
1 0.349376 0.751576 0.005348 0.012610
1 0.390820 0.856873 0.015152 0.016393
1 0.376560 0.857503 0.009804 0.010088
1 0.364973 0.858764 0.008021 0.015132
1 0.351604 0.856873 0.011586 0.013871
