1 0.132799 0.245902 0.010695 0.020177
1 0.148396 0.245271 0.008021 0.013871
1 0.158200 0.245271 0.006239 0.018916
1 0.173797 0.248424 0.012478 0.012610
1 0.134581 0.143127 0.012478 0.011349
1 0.147950 0.141866 0.005348 0.018916
1 0.158645 0.141866 0.008913 0.021438
1 0.180036 0.141236 0.014260 0.017654
1 0.283422 0.247793 0.010695 0.013871
1 0.300802 0.237074 0.006239 0.020177
1 0.311052 0.244641 0.007130 0.020177
1 0.323084 0.246532 0.008021 0.023960
1 0.347594 0.245902 0.010695 0.017654
1 0.282977 0.145649 0.011586 0.018916
1 0.300357 0.143758 0.010695 0.015132
1 0.313280 0.143127 0.006239 0.021438
1 0.326203 0.146910 0.008913 0.011349
1 0.347148 0.142497 0.013369 0.012610
1 0.458556 0.245271 0.015152 0.011349
1 0.457665 0.145019 0.011586 0.012610
1 0.473262 0.249685 0.010695 0.020177
1 0.471925 0.140605 0.008021 0.011349
1 0.485294 0.248424 0.008021 0.022699
1 0.485740 0.141236 0.007130 0.017654
1 0.498663 0.249685 0.009804 0.020177
1 0.499109 0.143127 0.010695 0.011349
1 0.610071 0.247793 0.008021 0.016393
1 0.609180 0.143758 0.013369 0.015132
1 0.622103 0.145019 0.007130 0.012610
1 0.622995 0.250946 0.007130 0.017654
1 0.635027 0.146910 0.006239 0.013871
1 0.646168 0.145019 0.016043 0.022699
1 0.634135 0.247163 0.008021 0.020177
1 0.649287 0.247793 0.011586 0.016393
