0 0.233456 0.138258 0.373775 0.032197
0 0.577819 0.138258 0.297794 0.030303
0 0.327206 0.184186 0.561275 0.027462
0 0.781863 0.185133 0.338235 0.029356
0 0.498162 0.230587 0.900735 0.029356
0 0.118260 0.368845 0.143382 0.055871
0 0.387255 0.363163 0.379902 0.065341
0 0.767157 0.363163 0.367647 0.067235
0 0.267770 0.492898 0.442402 0.089962
0 0.724265 0.466383 0.458333 0.055871
0 0.725490 0.523201 0.455882 0.031250
3 0.400735 0.681345 0.710784 0.033144
0 0.856005 0.683239 0.185049 0.029356
0 0.856005 0.725852 0.180147 0.029356
0 0.402574 0.728693 0.709559 0.029356
0 0.402574 0.798769 0.709559 0.027462
0 0.856005 0.796402 0.182598 0.028409
0 0.267157 0.874527 0.441176 0.052083
3 0.724877 0.881629 0.449755 0.039773
1 0.429534 0.577652 0.028186 0.018939
1 0.495711 0.575758 0.028186 0.017045
1 0.583333 0.574811 0.026961 0.017045
1 0.673407 0.410985 0.033088 0.026515
1 0.355392 0.410985 0.031863 0.026515
1 0.072304 0.280777 0.029412 0.023674
1 0.327819 0.280777 0.033088 0.023674
1 0.621936 0.280777 0.030637 0.025568
1 0.749387 0.140152 0.033088 0.024621
1 0.813113 0.139205 0.030637 0.022727
1 0.884804 0.136837 0.031863 0.025568
