0 0.636029 0.139205 0.151961 0.018939
0 0.636029 0.155777 0.151961 0.014205
0 0.811887 0.168561 0.145833 0.018939
0 0.813113 0.184659 0.145833 0.015152
0 0.810662 0.196496 0.148284 0.014205
0 0.812500 0.212121 0.147059 0.018939
0 0.807598 0.457860 0.125000 0.016098
0 0.802696 0.554451 0.125000 0.016098
0 0.805147 0.473958 0.125000 0.016098
0 0.803922 0.486269 0.125000 0.016098
0 0.803922 0.500473 0.125000 0.016098
0 0.803922 0.513731 0.125000 0.016098
0 0.803922 0.526989 0.125000 0.016098
0 0.802696 0.569602 0.125000 0.016098
0 0.802696 0.582860 0.125000 0.016098
0 0.802696 0.596117 0.125000 0.016098
0 0.803922 0.610322 0.125000 0.016098
0 0.805147 0.622633 0.125000 0.016098
0 0.803309 0.648674 0.121324 0.015152
0 0.803309 0.744318 0.121324 0.015152
0 0.802083 0.664773 0.121324 0.015152
0 0.802083 0.678030 0.121324 0.015152
0 0.805760 0.691288 0.121324 0.015152
0 0.804534 0.704545 0.121324 0.015152
0 0.805760 0.717803 0.121324 0.015152
0 0.804534 0.760417 0.121324 0.015152
0 0.804534 0.775568 0.121324 0.015152
0 0.804534 0.787879 0.121324 0.015152
0 0.805760 0.799242 0.121324 0.015152
0 0.802083 0.813447 0.121324 0.015152
0 0.559436 0.460227 0.109069 0.013258
0 0.555760 0.568182 0.109069 0.013258
0 0.558211 0.555871 0.109069 0.013258
0 0.556985 0.473485 0.109069 0.013258
0 0.556985 0.487689 0.109069 0.013258
0 0.556985 0.500000 0.109069 0.013258
0 0.558211 0.513258 0.109069 0.013258
0 0.559436 0.528409 0.109069 0.013258
0 0.559436 0.649621 0.109069 0.013258
0 0.555760 0.581439 0.109069 0.013258
0 0.555760 0.595644 0.109069 0.013258
0 0.555760 0.608902 0.109069 0.013258
0 0.556985 0.622159 0.109069 0.013258
0 0.556985 0.745265 0.109069 0.013258
0 0.558211 0.663826 0.109069 0.013258
0 0.558211 0.677083 0.109069 0.013258
0 0.559436 0.691288 0.109069 0.013258
0 0.559436 0.704545 0.109069 0.013258
0 0.556985 0.717803 0.109069 0.013258
0 0.556985 0.760417 0.109069 0.013258
0 0.556985 0.774621 0.109069 0.013258
0 0.558211 0.786932 0.109069 0.013258
0 0.559436 0.801136 0.109069 0.013258
0 0.558211 0.815341 0.109069 0.013258
