1 0.751838 0.148201 0.013480 0.012311
1 0.751225 0.162405 0.012255 0.012311
1 0.752451 0.175663 0.012255 0.012311
1 0.751225 0.189867 0.014706 0.010417
1 0.856618 0.147727 0.014706 0.011364
1 0.856618 0.161932 0.014706 0.009470
1 0.855392 0.175189 0.012255 0.011364
1 0.856618 0.189394 0.012255 0.011364
1 0.752451 0.312027 0.014706 0.010417
1 0.751225 0.326231 0.014706 0.012311
1 0.751838 0.339489 0.013480 0.010417
1 0.751838 0.351799 0.013480 0.012311
1 0.856618 0.311080 0.014706 0.008523
1 0.856005 0.325758 0.013480 0.011364
1 0.856005 0.338542 0.013480 0.010417
1 0.856005 0.352273 0.011029 0.011364
1 0.751225 0.378314 0.014706 0.010417
1 0.855392 0.379735 0.014706 0.011364
1 0.751838 0.503314 0.013480 0.012311
1 0.751838 0.516572 0.013480 0.008523
1 0.752451 0.530303 0.014706 0.009470
1 0.751225 0.543561 0.012255 0.011364
1 0.856005 0.502841 0.013480 0.011364
1 0.856005 0.516572 0.013480 0.012311
1 0.855392 0.529830 0.012255 0.010417
1 0.856005 0.544034 0.015931 0.012311
1 0.751225 0.666193 0.012255 0.008523
1 0.751225 0.679924 0.014706 0.011364
1 0.751838 0.692708 0.013480 0.012311
1 0.751838 0.707386 0.015931 0.009470
1 0.856618 0.666667 0.012255 0.009470
1 0.855392 0.679924 0.014706 0.009470
1 0.856618 0.693655 0.014706 0.010417
1 0.856005 0.707386 0.013480 0.009470
