0 0.863358 0.081439 0.138480 0.022727
0 0.686275 0.102273 0.142157 0.018939
0 0.688725 0.121686 0.134804 0.017992
0 0.688113 0.139205 0.136029 0.020833
0 0.509804 0.168087 0.137255 0.036932
0 0.511642 0.213542 0.133578 0.036932
0 0.511029 0.238163 0.132353 0.019886
0 0.511642 0.259943 0.136029 0.021780
0 0.688725 0.255208 0.132353 0.023674
0 0.691176 0.277936 0.137255 0.016098
0 0.691789 0.295928 0.133578 0.017992
0 0.685049 0.326705 0.132353 0.026515
0 0.867034 0.356534 0.133578 0.035038
0 0.867647 0.383996 0.132353 0.017992
0 0.867034 0.402462 0.136029 0.017045
0 0.868260 0.419981 0.126225 0.019886
0 0.873162 0.439867 0.136029 0.014205
0 0.868873 0.456439 0.129902 0.018939
0 0.865809 0.565814 0.140931 0.042614
0 0.686887 0.616951 0.143382 0.033144
0 0.693627 0.677557 0.117647 0.042614
0 0.697917 0.746212 0.113971 0.034091
0 0.701593 0.773201 0.109069 0.016098
0 0.876225 0.767992 0.115196 0.028409
0 0.873775 0.804451 0.115196 0.021780
