0 0.265319 0.082386 0.459559 0.032197
0 0.732230 0.081439 0.459559 0.030303
0 0.265931 0.126894 0.455882 0.030303
0 0.731005 0.120739 0.452206 0.036932
0 0.357230 0.265152 0.636029 0.032197
0 0.821078 0.264205 0.269608 0.028409
0 0.821691 0.307292 0.275735 0.029356
0 0.357843 0.308239 0.642157 0.029356
0 0.268995 0.355114 0.459559 0.028409
0 0.734681 0.357955 0.459559 0.026515
0 0.266544 0.399621 0.462010 0.028409
0 0.358456 0.536458 0.640931 0.031250
0 0.822304 0.536458 0.276961 0.031250
0 0.821691 0.580966 0.278186 0.031250
0 0.357843 0.580492 0.644608 0.030303
