0 0.344363 0.079545 0.617647 0.018939
0 0.810662 0.080492 0.295343 0.017045
3 0.344363 0.249527 0.617647 0.017992
0 0.809436 0.250473 0.302696 0.017992
3 0.500613 0.418561 0.925245 0.018939
3 0.262255 0.562973 0.450980 0.017992
0 0.591912 0.563920 0.191176 0.016098
0 0.830270 0.565814 0.261029 0.019886
0 0.828431 0.702652 0.250000 0.017045
3 0.365809 0.934186 0.653186 0.021780
0 0.828431 0.935133 0.259804 0.016098
1 0.050858 0.184186 0.037990 0.027462
1 0.050858 0.275568 0.040441 0.026515
1 0.052083 0.382102 0.037990 0.027462
1 0.050858 0.647254 0.037990 0.027462
1 0.050858 0.702652 0.040441 0.026515
1 0.502451 0.736742 0.022059 0.017045
1 0.575368 0.735795 0.018382 0.015152
1 0.500613 0.753314 0.015931 0.016098
1 0.575368 0.754261 0.020833 0.016098
1 0.050858 0.796402 0.033088 0.026515
1 0.433824 0.796402 0.039216 0.028409
0 0.158088 0.701705 0.085784 0.020833
