0 0.226716 0.068655 0.178922 0.016098
0 0.243260 0.088542 0.172794 0.016098
0 0.800858 0.057292 0.060049 0.016098
0 0.204657 0.173295 0.110294 0.018939
0 0.344363 0.174242 0.117647 0.017045
0 0.519608 0.174242 0.122549 0.020833
0 0.681373 0.171402 0.169118 0.020833
0 0.854167 0.173295 0.164216 0.018939
0 0.436887 0.218277 0.089461 0.021780
0 0.109069 0.482008 0.156863 0.255682
0 0.349265 0.479640 0.188725 0.252841
0 0.601103 0.481061 0.209559 0.259470
0 0.851103 0.480114 0.216912 0.255682
0 0.361520 0.630682 0.208333 0.022727
0 0.580882 0.632576 0.161765 0.028409
0 0.550858 0.675663 0.216912 0.023674
1 0.048407 0.216856 0.015931 0.011364
1 0.048407 0.264205 0.015931 0.011364
1 0.049020 0.676610 0.014706 0.012311
1 0.048407 0.706439 0.015931 0.011364
1 0.048407 0.768939 0.013480 0.011364
1 0.085172 0.794034 0.013480 0.012311
1 0.085172 0.820076 0.015931 0.013258
1 0.338848 0.820076 0.013480 0.011364
1 0.385417 0.794508 0.015931 0.011364
1 0.476103 0.794508 0.013480 0.011364
1 0.429534 0.820076 0.013480 0.011364
2 0.812500 0.985795 0.029412 0.022727
2 0.900735 0.984848 0.029412 0.022727
