0 0.366422 0.194129 0.213235 0.032197
0 0.748162 0.163826 0.273284 0.015152
0 0.772672 0.180398 0.305147 0.014205
0 0.738358 0.200758 0.444853 0.018939
0 0.606618 0.254261 0.720588 0.025568
0 0.642770 0.280777 0.648284 0.017992
0 0.618260 0.312027 0.687500 0.019886
0 0.526961 0.452652 0.105392 0.022727
0 0.690564 0.487689 0.545343 0.015152
0 0.252451 0.511364 0.250000 0.015152
0 0.738358 0.569129 0.459559 0.024621
3 0.737745 0.618845 0.458333 0.031250
0 0.738358 0.656250 0.462010 0.020833
0 0.739583 0.694602 0.462010 0.021780
1 0.047181 0.263258 0.013480 0.009470
1 0.045956 0.283144 0.013480 0.011364
1 0.047181 0.316288 0.013480 0.011364
1 0.047181 0.493371 0.013480 0.011364
1 0.047181 0.512784 0.013480 0.010417
1 0.393382 0.513258 0.014706 0.011364
1 0.440564 0.513731 0.013480 0.010417
