0 0.938057 0.246532 0.013369 0.139975
0 0.919340 0.249054 0.015152 0.147541
0 0.947415 0.828499 0.010695 0.042875
0 0.827094 0.331652 0.014260 0.095839
0 0.799911 0.316520 0.011586 0.133670
0 0.735740 0.275536 0.008021 0.061791
0 0.724599 0.484237 0.014260 0.070618
0 0.739305 0.752837 0.008021 0.070618
0 0.697415 0.741488 0.009804 0.052963
0 0.645722 0.617907 0.016934 0.052963
0 0.684938 0.493064 0.013369 0.080706
0 0.701872 0.283102 0.008021 0.076923
0 0.720588 0.141866 0.008021 0.056747
0 0.680481 0.146910 0.008021 0.061791
1 0.830214 0.093317 0.020499 0.030265
1 0.800802 0.119168 0.011586 0.021438
1 0.783422 0.121059 0.014260 0.022699
1 0.786096 0.288146 0.014260 0.018916
1 0.784314 0.348676 0.012478 0.023960
1 0.783422 0.418663 0.014260 0.020177
1 0.786096 0.511349 0.016043 0.023960
1 0.762032 0.497478 0.019608 0.018916
1 0.766043 0.571248 0.020499 0.025221
1 0.761141 0.650063 0.010695 0.029004
1 0.762478 0.083228 0.016934 0.017654
1 0.738859 0.085750 0.016043 0.025221
1 0.699643 0.085750 0.021390 0.022699
1 0.646168 0.087011 0.021390 0.030265
1 0.608734 0.081967 0.019608 0.022699
1 0.382799 0.050441 0.022282 0.027743
1 0.265152 0.052333 0.018717 0.034048
1 0.237522 0.052963 0.013369 0.025221
1 0.210784 0.049811 0.013369 0.026482
2 0.099376 0.810214 0.011586 0.018916
2 0.098930 0.898487 0.014260 0.016393
