0 0.344363 0.187027 0.132353 0.023674
0 0.339461 0.217330 0.193627 0.017992
0 0.284314 0.282670 0.112745 0.025568
0 0.751838 0.285511 0.101716 0.019886
0 0.489583 0.302083 0.104167 0.017045
0 0.145221 0.300189 0.087010 0.017045
0 0.280637 0.326705 0.107843 0.020833
0 0.145833 0.345170 0.085784 0.017992
0 0.488358 0.345170 0.096814 0.017992
0 0.734681 0.327652 0.091912 0.022727
0 0.614583 0.383049 0.077206 0.021780
0 0.490809 0.484848 0.878676 0.083333
0 0.496936 0.762311 0.859069 0.047348
0 0.697304 0.838542 0.553922 0.019886
0 0.507353 0.900568 0.936275 0.034091
2 0.808211 0.982955 0.030637 0.022727
2 0.897672 0.982955 0.025735 0.018939
1 0.083946 0.189394 0.013480 0.011364
1 0.115809 0.219697 0.013480 0.011364
1 0.116422 0.234848 0.014706 0.011364
1 0.083946 0.261364 0.015931 0.011364
1 0.084559 0.287405 0.014706 0.010417
1 0.083946 0.330019 0.013480 0.010417
1 0.084559 0.387311 0.017157 0.011364
1 0.083946 0.429924 0.013480 0.011364
1 0.284926 0.234375 0.015931 0.010417
1 0.349877 0.234375 0.015931 0.010417
1 0.415441 0.234848 0.017157 0.013258
1 0.507966 0.234375 0.015931 0.012311
1 0.498162 0.260890 0.013480 0.012311
1 0.572304 0.261837 0.014706 0.012311
1 0.650123 0.261364 0.015931 0.011364
1 0.049632 0.678030 0.015931 0.013258
1 0.050245 0.807765 0.014706 0.011364
1 0.049632 0.837121 0.015931 0.011364
1 0.050245 0.866477 0.014706 0.011364
