1 0.455864 0.047683 0.018916 0.013369
1 0.457755 0.084225 0.022699 0.015152
1 0.457755 0.111408 0.020177 0.017825
1 0.458386 0.305704 0.021438 0.014260
1 0.455233 0.338235 0.017654 0.013369
1 0.458386 0.401961 0.023960 0.016043
1 0.457125 0.436720 0.023960 0.012478
1 0.457125 0.485740 0.021438 0.014260
1 0.457125 0.560160 0.021438 0.013369
1 0.457125 0.755348 0.018916 0.018717
1 0.457125 0.920232 0.018916 0.013369
1 0.456494 0.948752 0.020177 0.013369
1 0.939470 0.103387 0.022699 0.014260
1 0.940101 0.163993 0.021438 0.014260
1 0.938209 0.227718 0.017654 0.015152
1 0.941992 0.254902 0.030265 0.014260
1 0.939470 0.496435 0.030265 0.017825
1 0.937579 0.543226 0.023960 0.015152
