0 0.844975 0.080966 0.199755 0.029356
0 0.376838 0.502367 0.408088 0.023674
1 0.821078 0.126894 0.024510 0.018939
1 0.888480 0.125947 0.024510 0.018939
1 0.892157 0.152462 0.024510 0.018939
1 0.821078 0.152462 0.024510 0.018939
1 0.823529 0.220644 0.024510 0.018939
1 0.888480 0.220644 0.024510 0.018939
1 0.889706 0.240530 0.024510 0.018939
1 0.822304 0.241477 0.024510 0.018939
1 0.825980 0.305871 0.024510 0.018939
1 0.889706 0.301136 0.024510 0.018939
1 0.822304 0.339962 0.024510 0.018939
1 0.893382 0.340909 0.024510 0.018939
1 0.825980 0.376894 0.024510 0.018939
1 0.890931 0.377841 0.024510 0.018939
1 0.643382 0.440341 0.024510 0.018939
1 0.710784 0.438447 0.024510 0.018939
1 0.823529 0.480114 0.024510 0.018939
1 0.890931 0.479167 0.024510 0.018939
1 0.823529 0.590909 0.024510 0.018939
1 0.890931 0.589015 0.024510 0.018939
1 0.823529 0.614583 0.024510 0.018939
1 0.894608 0.611742 0.024510 0.018939
1 0.823529 0.640152 0.024510 0.018939
1 0.892157 0.641098 0.024510 0.018939
1 0.821078 0.686553 0.024510 0.018939
1 0.890931 0.687500 0.024510 0.018939
1 0.825980 0.711174 0.024510 0.018939
1 0.893382 0.711174 0.024510 0.018939
1 0.827206 0.731061 0.024510 0.018939
1 0.890931 0.733902 0.024510 0.018939
1 0.824755 0.771780 0.024510 0.018939
1 0.893382 0.773674 0.024510 0.018939
