0 0.842525 0.080019 0.202206 0.031250
0 0.306985 0.153883 0.432598 0.035038
0 0.737132 0.154356 0.420343 0.032197
0 0.308824 0.205492 0.433824 0.028409
0 0.298407 0.284091 0.412990 0.032197
0 0.738971 0.283144 0.411765 0.030303
0 0.298407 0.329072 0.412990 0.031250
0 0.710784 0.388258 0.453431 0.030303
3 0.406250 0.464489 0.621324 0.025568
0 0.832108 0.464489 0.215686 0.027462
0 0.306985 0.608902 0.432598 0.032197
0 0.735907 0.608902 0.422794 0.035985
0 0.306985 0.653409 0.432598 0.032197
0 0.297181 0.738163 0.415441 0.035038
0 0.743873 0.737689 0.406863 0.034091
0 0.298407 0.781723 0.412990 0.031250
3 0.404412 0.934659 0.622549 0.030303
0 0.833333 0.933712 0.220588 0.028409
