0 0.842525 0.079072 0.202206 0.029356
0 0.901961 0.250473 0.088235 0.027462
0 0.901961 0.280777 0.088235 0.027462
0 0.901961 0.312027 0.088235 0.027462
0 0.765319 0.365530 0.356618 0.030303
1 0.820466 0.337595 0.028186 0.017992
1 0.888480 0.337595 0.024510 0.016098
1 0.105392 0.201705 0.024510 0.017045
1 0.103554 0.223958 0.025735 0.017992
0 0.298407 0.517519 0.412990 0.029356
0 0.742034 0.517045 0.408088 0.035985
0 0.298407 0.563920 0.417892 0.036932
3 0.405637 0.761364 0.627451 0.030303
0 0.832721 0.759943 0.226716 0.029356
