0 0.844363 0.079545 0.198529 0.030303
0 0.267157 0.192708 0.350490 0.027462
0 0.582721 0.192708 0.268382 0.029356
0 0.835172 0.192708 0.221814 0.029356
0 0.153186 0.237689 0.112745 0.030303
0 0.273897 0.238163 0.104167 0.033144
0 0.395833 0.238163 0.107843 0.031250
0 0.516544 0.269886 0.841912 0.020833
0 0.518382 0.295455 0.843137 0.018939
0 0.519608 0.319129 0.848039 0.024621
0 0.520221 0.343750 0.846814 0.017045
0 0.151348 0.387784 0.111520 0.023674
0 0.274510 0.388258 0.102941 0.024621
0 0.394608 0.388731 0.102941 0.029356
0 0.522059 0.420928 0.845588 0.023674
0 0.523897 0.447443 0.846814 0.021780
0 0.522672 0.469223 0.849265 0.025568
0 0.522672 0.493845 0.851716 0.019886
0 0.150735 0.541667 0.107843 0.026515
0 0.273284 0.542614 0.105392 0.030303
0 0.395833 0.542614 0.107843 0.030303
0 0.519608 0.574337 0.848039 0.023674
0 0.518995 0.598485 0.851716 0.022727
0 0.518995 0.624053 0.849265 0.020833
0 0.519608 0.644886 0.852941 0.020833
0 0.520221 0.667614 0.851716 0.018939
0 0.149510 0.714962 0.112745 0.026515
0 0.273284 0.714489 0.102941 0.023674
0 0.393995 0.714015 0.106618 0.026515
0 0.522672 0.746212 0.854167 0.028409
0 0.523897 0.772254 0.856618 0.017992
0 0.521446 0.794981 0.854167 0.023674
0 0.522672 0.821023 0.856618 0.020833
0 0.522059 0.841856 0.860294 0.020833
