0 0.840686 0.078125 0.200980 0.031250
0 0.268382 0.215436 0.348039 0.031250
0 0.583333 0.215436 0.267157 0.031250
0 0.831495 0.214489 0.219363 0.027462
0 0.257353 0.261364 0.286765 0.028409
0 0.204657 0.305398 0.220588 0.027462
0 0.500000 0.389205 0.223039 0.028409
0 0.296569 0.433239 0.406863 0.023674
0 0.298407 0.480114 0.408088 0.028409
0 0.573529 0.823390 0.210784 0.021780
1 0.654412 0.150095 0.017157 0.016098
1 0.721201 0.150568 0.018382 0.013258
1 0.820466 0.543087 0.018382 0.014205
1 0.888480 0.544034 0.022059 0.016098
1 0.821078 0.589015 0.017157 0.013258
1 0.891544 0.587595 0.015931 0.016098
1 0.467525 0.258996 0.023284 0.016098
1 0.546569 0.260417 0.019608 0.017045
1 0.102941 0.772727 0.019608 0.018939
1 0.105392 0.793561 0.019608 0.011364
1 0.819240 0.848485 0.018382 0.017045
1 0.890319 0.848958 0.023284 0.016098
