1 0.283868 0.540984 0.011586 0.022699
1 0.360071 0.540984 0.010695 0.022699
1 0.422014 0.538462 0.013369 0.020177
1 0.497772 0.537831 0.009804 0.018916
1 0.573084 0.542245 0.014260 0.022699
1 0.736185 0.539723 0.014260 0.017654
1 0.183155 0.061160 0.015152 0.021438
1 0.221480 0.056116 0.015152 0.023960
1 0.254011 0.063052 0.016043 0.027743
1 0.303476 0.059899 0.013369 0.023960
1 0.402406 0.059899 0.011586 0.023960
1 0.450535 0.061160 0.013369 0.023960
1 0.573084 0.060530 0.014260 0.017654
1 0.647059 0.062421 0.014260 0.029004
1 0.886809 0.057377 0.016043 0.031526
