1 0.457125 0.285205 0.023960 0.014260
1 0.459647 0.361854 0.023960 0.014260
1 0.457755 0.422014 0.025221 0.016934
1 0.460908 0.498217 0.023960 0.016043
1 0.457125 0.574866 0.023960 0.016043
1 0.460908 0.737077 0.023960 0.016043
1 0.938840 0.185383 0.023960 0.016043
1 0.938840 0.220143 0.023960 0.016043
1 0.938840 0.254902 0.023960 0.016043
1 0.941362 0.303922 0.023960 0.016043
1 0.937579 0.404635 0.023960 0.016043
1 0.938840 0.450980 0.023960 0.016043
1 0.937579 0.572193 0.023960 0.016043
1 0.940101 0.647950 0.023960 0.016043
1 0.936318 0.886809 0.023960 0.016043
