1 0.105296 0.115865 0.018916 0.016043
1 0.106557 0.132353 0.029004 0.020499
1 0.175914 0.196970 0.023960 0.016043
1 0.177806 0.276738 0.030265 0.016934
1 0.176545 0.369875 0.022699 0.016043
1 0.175914 0.430036 0.026482 0.016934
1 0.174653 0.474599 0.018916 0.016934
1 0.177806 0.531640 0.025221 0.016934
0 0.584489 0.448307 0.054224 0.019608
0 0.656999 0.444296 0.055485 0.020499
0 0.798235 0.446524 0.206810 0.023173
0 0.759142 0.225490 0.416141 0.023173
0 0.757881 0.268271 0.418663 0.023173
0 0.756620 0.394831 0.423707 0.030303
