0 0.843137 0.077652 0.200980 0.026515
0 0.236520 0.245739 0.085784 0.021780
1 0.109069 0.160511 0.022059 0.017992
1 0.281863 0.160511 0.022059 0.017992
1 0.107843 0.206439 0.019608 0.018939
1 0.284314 0.205492 0.024510 0.013258
1 0.371936 0.205492 0.020833 0.017045
1 0.539216 0.207386 0.019608 0.018939
1 0.734069 0.205492 0.019608 0.015152
0 0.382966 0.243371 0.089461 0.026515
0 0.625613 0.244792 0.025735 0.025568
0 0.656250 0.246686 0.025735 0.029356
0 0.683824 0.243371 0.026961 0.026515
0 0.517157 0.547348 0.845588 0.022727
0 0.404412 0.594223 0.620098 0.023674
0 0.892157 0.593277 0.102941 0.023674
0 0.404412 0.639205 0.622549 0.026515
0 0.777574 0.639205 0.106618 0.020833
0 0.892770 0.638258 0.101716 0.022727
0 0.223039 0.685133 0.257353 0.025568
0 0.467525 0.685133 0.207108 0.027462
0 0.759804 0.682765 0.367647 0.028409
0 0.447917 0.714489 0.145833 0.025568
1 0.105392 0.929451 0.024510 0.019886
1 0.435662 0.928977 0.023284 0.018939
1 0.106618 0.290246 0.022059 0.021780
1 0.213235 0.289773 0.019608 0.018939
1 0.289216 0.289773 0.019608 0.018939
1 0.380515 0.287405 0.023284 0.017992
1 0.471814 0.289773 0.024510 0.017045
1 0.555760 0.290720 0.023284 0.017045
1 0.636642 0.288826 0.028186 0.018939
1 0.736520 0.290720 0.014706 0.015152
1 0.811887 0.290720 0.025735 0.017045
1 0.106618 0.335701 0.026961 0.017992
1 0.213235 0.334280 0.017157 0.017045
1 0.291054 0.335701 0.020833 0.016098
1 0.380515 0.337595 0.018382 0.017992
1 0.470588 0.334754 0.024510 0.017992
1 0.554534 0.336648 0.025735 0.016098
1 0.634191 0.335701 0.023284 0.019886
1 0.734069 0.333333 0.024510 0.018939
1 0.812500 0.334280 0.024510 0.015152
1 0.740809 0.593277 0.020833 0.014205
1 0.775123 0.592330 0.020833 0.016098
1 0.815564 0.592330 0.018382 0.016098
