0 0.846814 0.374527 0.203431 0.027462
0 0.552696 0.601326 0.779412 0.024621
0 0.704657 0.706913 0.480392 0.031250
0 0.267157 0.818655 0.350490 0.025568
0 0.582108 0.819129 0.267157 0.028409
0 0.835172 0.819602 0.216912 0.029356
0 0.267157 0.902936 0.350490 0.027462
0 0.267157 0.926610 0.350490 0.027462
0 0.585172 0.901515 0.265931 0.028409
0 0.584559 0.926136 0.264706 0.028409
0 0.832108 0.901515 0.220588 0.028409
0 0.832721 0.927083 0.219363 0.028409
1 0.147672 0.430398 0.023284 0.017992
1 0.147672 0.452652 0.023284 0.017045
1 0.144608 0.474905 0.022059 0.017992
1 0.144608 0.515152 0.022059 0.017045
1 0.147672 0.627367 0.023284 0.017992
1 0.147672 0.667614 0.023284 0.017045
1 0.147672 0.707386 0.023284 0.017045
0 0.502451 0.237216 0.877451 0.025568
