0 0.927491 0.123886 0.074401 0.023173
0 0.803909 0.150624 0.324086 0.024955
0 0.802018 0.174688 0.327869 0.026738
0 0.682219 0.311497 0.052963 0.013369
0 0.749685 0.312834 0.054224 0.014260
0 0.800126 0.337790 0.326608 0.023173
0 0.873897 0.312389 0.174023 0.016934
1 0.588272 0.401515 0.023960 0.009804
1 0.588272 0.418449 0.026482 0.016934
1 0.589533 0.464795 0.021438 0.013369
1 0.588272 0.485740 0.021438 0.016043
1 0.587011 0.080214 0.023960 0.017825
1 0.588272 0.098485 0.029004 0.016934
1 0.631148 0.121658 0.021438 0.015152
1 0.694199 0.123886 0.021438 0.016043
1 0.765448 0.124332 0.025221 0.015152
1 0.823455 0.122995 0.027743 0.019608
