1 0.714349 0.459016 0.009804 0.017654
1 0.639483 0.459016 0.013369 0.015132
1 0.579768 0.456494 0.016934 0.025221
1 0.500000 0.459647 0.014260 0.018916
1 0.426025 0.458386 0.021390 0.016393
1 0.258913 0.460277 0.015152 0.010088
1 0.815508 0.938209 0.014260 0.020177
1 0.778966 0.942623 0.008913 0.016393
1 0.743316 0.941362 0.007130 0.021438
1 0.696524 0.941362 0.015152 0.018916
1 0.594474 0.941992 0.012478 0.020177
1 0.546791 0.941362 0.013369 0.018916
1 0.426916 0.938209 0.017825 0.015132
1 0.352941 0.938209 0.014260 0.012610
1 0.114973 0.940101 0.019608 0.023960
