2 0.860517 0.170240 0.013369 0.022699
2 0.864082 0.290038 0.020499 0.030265
2 0.809715 0.306431 0.020499 0.030265
2 0.788324 0.225725 0.020499 0.030265
2 0.758021 0.209332 0.020499 0.030265
2 0.682264 0.171501 0.020499 0.030265
2 0.654635 0.167718 0.020499 0.030265
2 0.627897 0.255990 0.020499 0.030265
2 0.602050 0.244641 0.020499 0.030265
2 0.527184 0.249685 0.020499 0.030265
2 0.501337 0.269861 0.020499 0.030265
2 0.475490 0.282472 0.020499 0.030265
2 0.448752 0.234552 0.020499 0.030265
2 0.421123 0.229508 0.018717 0.027743
