2 0.088235 0.728878 0.023173 0.040353
2 0.085561 0.849937 0.023173 0.040353
2 0.143494 0.702396 0.023173 0.040353
2 0.165775 0.793190 0.023173 0.040353
2 0.194296 0.815889 0.023173 0.040353
2 0.275401 0.852459 0.023173 0.040353
2 0.330660 0.760404 0.023173 0.040353
2 0.303922 0.857503 0.023173 0.040353
2 0.358289 0.765448 0.023173 0.040353
2 0.442068 0.774275 0.023173 0.040353
2 0.470588 0.742749 0.023173 0.040353
2 0.498217 0.732661 0.023173 0.040353
2 0.523173 0.789407 0.023173 0.040353
2 0.549020 0.786885 0.023173 0.040353
