2 0.145139 0.109036 0.040278 0.020482
2 0.269444 0.106627 0.038889 0.020482
2 0.295833 0.173494 0.033333 0.016867
2 0.208333 0.206627 0.047222 0.020482
2 0.182639 0.241566 0.037500 0.018072
2 0.144444 0.339759 0.038889 0.016867
2 0.143750 0.374096 0.048611 0.018072
2 0.238889 0.410241 0.044444 0.027711
2 0.227083 0.443976 0.048611 0.022892
2 0.231250 0.542771 0.045833 0.015663
2 0.254861 0.577108 0.040278 0.019277
2 0.269444 0.610843 0.036111 0.021687
2 0.209722 0.641566 0.038889 0.015663
2 0.211111 0.674699 0.041667 0.019277
