2 0.860963 0.169609 0.016043 0.023960
2 0.861854 0.290668 0.016043 0.023960
2 0.809269 0.308323 0.016043 0.023960
2 0.783422 0.232661 0.016043 0.023960
2 0.758467 0.204918 0.016043 0.023960
2 0.681818 0.168348 0.016043 0.023960
2 0.656863 0.161412 0.016043 0.027743
2 0.628788 0.251576 0.016934 0.026482
2 0.601159 0.244010 0.013369 0.018916
2 0.523173 0.245902 0.017825 0.022699
2 0.498663 0.271753 0.011586 0.018916
2 0.472371 0.274275 0.012478 0.016393
2 0.445633 0.233291 0.010695 0.025221
2 0.423351 0.230139 0.016043 0.018916
