2 0.168716 0.162286 0.017760 0.013714
2 0.294399 0.163429 0.020492 0.016000
2 0.306694 0.222857 0.020492 0.011429
2 0.232923 0.253714 0.017760 0.018286
2 0.203552 0.282857 0.019126 0.014857
2 0.167350 0.377714 0.023224 0.019429
2 0.161202 0.408000 0.021858 0.018286
2 0.250683 0.438857 0.023224 0.018286
2 0.242486 0.466857 0.017760 0.014857
2 0.239071 0.560571 0.016393 0.017143
2 0.269126 0.590286 0.019126 0.017143
2 0.279372 0.620571 0.020492 0.018286
2 0.232240 0.656571 0.021858 0.012571
2 0.232923 0.681714 0.023224 0.019429
