2 0.169399 0.160571 0.019126 0.014857
2 0.292350 0.162857 0.032787 0.014857
2 0.308060 0.220000 0.023224 0.014857
2 0.228142 0.253143 0.027322 0.017143
2 0.206284 0.284571 0.016393 0.016000
2 0.168716 0.376000 0.023224 0.018286
2 0.163934 0.408000 0.030055 0.013714
2 0.249317 0.437714 0.028689 0.020571
2 0.245902 0.468571 0.024590 0.018286
2 0.243852 0.560000 0.028689 0.020571
2 0.269126 0.592571 0.013661 0.014857
2 0.274590 0.618857 0.030055 0.014857
2 0.230874 0.656000 0.024590 0.022857
2 0.231557 0.684000 0.023224 0.014857
