2 0.137701 0.832282 0.016934 0.025221
2 0.137701 0.706179 0.016934 0.030265
2 0.187611 0.694199 0.013369 0.016393
2 0.217469 0.765448 0.014260 0.027743
2 0.240196 0.793190 0.016934 0.025221
2 0.319073 0.829130 0.012478 0.016393
2 0.342692 0.836696 0.013369 0.021438
2 0.370766 0.748424 0.016043 0.029004
2 0.396168 0.750946 0.011586 0.018916
2 0.475045 0.757251 0.012478 0.013871
2 0.500000 0.729508 0.012478 0.021438
2 0.524064 0.723834 0.016043 0.030265
2 0.548128 0.769231 0.016043 0.030265
2 0.577540 0.767970 0.016043 0.030265
