1 0.322194 0.093583 0.031526 0.023173
1 0.422446 0.093583 0.030265 0.023173
1 0.322194 0.198752 0.031526 0.023173
1 0.422446 0.200535 0.030265 0.023173
1 0.322194 0.286988 0.031526 0.023173
1 0.322194 0.314617 0.031526 0.021390
1 0.622320 0.632799 0.031526 0.023173
1 0.699874 0.632799 0.030265 0.021390
1 0.622320 0.659537 0.031526 0.023173
1 0.699874 0.659537 0.032787 0.023173
0 0.859395 0.632353 0.145019 0.016934
0 0.856242 0.659982 0.148802 0.016934
1 0.322825 0.728164 0.030265 0.023173
1 0.322825 0.755793 0.030265 0.023173
1 0.322825 0.781640 0.030265 0.023173
0 0.727617 0.781640 0.153846 0.016043
