0 0.334805 0.146168 0.283733 0.019608
0 0.317781 0.189840 0.317781 0.019608
0 0.317781 0.213904 0.317781 0.021390
0 0.273644 0.255793 0.403531 0.019608
1 0.170240 0.284314 0.022699 0.014260
1 0.278689 0.283868 0.022699 0.015152
1 0.466583 0.284314 0.022699 0.016043
0 0.401639 0.326649 0.150063 0.020499
0 0.319042 0.368984 0.317781 0.019608
0 0.317781 0.393048 0.317781 0.019608
0 0.317781 0.418004 0.317781 0.019608
1 0.109079 0.502674 0.021438 0.014260
1 0.109079 0.520499 0.021438 0.014260
1 0.109079 0.751337 0.021438 0.016043
1 0.109079 0.771390 0.021438 0.013369
0 0.403531 0.771390 0.148802 0.020499
0 0.401639 0.800357 0.147541 0.019608
0 0.273644 0.852050 0.403531 0.019608
0 0.273644 0.891711 0.403531 0.020499
0 0.811475 0.146613 0.283733 0.020499
0 0.794451 0.189394 0.317781 0.020499
0 0.794451 0.212567 0.317781 0.020499
0 0.752207 0.255793 0.404792 0.019608
1 0.648172 0.283868 0.025221 0.016934
1 0.754098 0.283868 0.022699 0.013369
1 0.941992 0.284314 0.020177 0.016043
0 0.880202 0.327986 0.148802 0.021390
0 0.794451 0.370321 0.317781 0.020499
0 0.794451 0.393048 0.317781 0.019608
0 0.794451 0.417558 0.317781 0.020499
1 0.585750 0.502674 0.021438 0.016043
1 0.587011 0.522282 0.021438 0.014260
1 0.585750 0.751783 0.021438 0.015152
1 0.587011 0.770499 0.023960 0.015152
0 0.880202 0.772282 0.148802 0.018717
0 0.878310 0.799911 0.150063 0.020499
0 0.752207 0.852496 0.404792 0.020499
0 0.752207 0.892602 0.404792 0.020499
