0 0.278186 0.231061 0.365196 0.028409
0 0.604779 0.230114 0.275735 0.024621
0 0.846814 0.229640 0.198529 0.023674
0 0.287377 0.275568 0.256127 0.028409
0 0.680760 0.275568 0.525735 0.030303
0 0.210784 0.321496 0.227941 0.029356
0 0.636642 0.321496 0.611520 0.027462
0 0.279412 0.428030 0.367647 0.026515
0 0.605392 0.427083 0.276961 0.026515
0 0.845588 0.428030 0.193627 0.028409
0 0.261029 0.471117 0.225490 0.025568
0 0.661152 0.472064 0.564951 0.029356
0 0.662377 0.518466 0.564951 0.027462
0 0.234681 0.518466 0.275735 0.027462
0 0.878064 0.632102 0.128676 0.027462
0 0.235907 0.738163 0.280637 0.029356
0 0.685662 0.737689 0.518382 0.028409
0 0.248162 0.805871 0.305147 0.026515
0 0.554534 0.805398 0.295343 0.027462
0 0.825368 0.805871 0.238971 0.026515
1 0.311275 0.605587 0.024510 0.017992
1 0.398897 0.606061 0.025735 0.020833
1 0.495711 0.605114 0.023284 0.018939
1 0.601716 0.605587 0.024510 0.017992
1 0.709559 0.606061 0.024510 0.017045
1 0.831495 0.544034 0.023284 0.017992
1 0.901348 0.544981 0.020833 0.019886
1 0.418505 0.104640 0.023284 0.017992
1 0.495711 0.105587 0.023284 0.017992
1 0.591299 0.104167 0.025735 0.018939
1 0.833333 0.127367 0.024510 0.021780
1 0.900123 0.127841 0.023284 0.020833
