0 0.338235 0.222538 0.286765 0.024621
0 0.338848 0.252841 0.285539 0.024621
0 0.337623 0.284091 0.285539 0.024621
0 0.368260 0.329545 0.209559 0.024621
0 0.146446 0.382102 0.099265 0.023674
0 0.294118 0.382576 0.100490 0.024621
0 0.430760 0.382102 0.101716 0.023674
0 0.289216 0.416667 0.384804 0.018939
0 0.289216 0.440341 0.382353 0.017045
0 0.289828 0.462595 0.381127 0.016098
0 0.288603 0.484375 0.381127 0.017992
0 0.287990 0.507102 0.382353 0.016098
0 0.287990 0.530303 0.384804 0.017045
0 0.287990 0.553030 0.384804 0.018939
0 0.288603 0.575758 0.383578 0.018939
0 0.287990 0.598011 0.384804 0.016098
0 0.288603 0.619792 0.383578 0.017992
0 0.147059 0.669981 0.100490 0.023674
0 0.293505 0.670928 0.101716 0.025568
0 0.431373 0.670928 0.098039 0.023674
0 0.287990 0.704072 0.382353 0.017992
0 0.287990 0.726799 0.382353 0.017992
0 0.287990 0.750947 0.382353 0.017045
0 0.288603 0.772727 0.383578 0.017045
0 0.288603 0.795455 0.383578 0.018939
0 0.288603 0.818182 0.383578 0.018939
0 0.288603 0.839962 0.383578 0.017045
0 0.288603 0.862689 0.383578 0.018939
0 0.287990 0.885417 0.384804 0.017045
0 0.287990 0.909564 0.384804 0.017992
0 0.607230 0.094223 0.101716 0.025568
0 0.754289 0.094223 0.101716 0.025568
0 0.892157 0.095170 0.100490 0.023674
0 0.750000 0.128314 0.384804 0.017992
0 0.750000 0.151515 0.384804 0.017045
0 0.749387 0.173769 0.386029 0.016098
0 0.748775 0.195549 0.384804 0.017992
0 0.749387 0.218277 0.386029 0.019886
0 0.749387 0.241951 0.383578 0.017992
0 0.750000 0.263731 0.384804 0.019886
0 0.749387 0.287405 0.383578 0.017992
0 0.749387 0.310133 0.386029 0.017992
0 0.750000 0.332386 0.384804 0.018939
0 0.607843 0.382576 0.100490 0.024621
0 0.754902 0.382576 0.100490 0.022727
0 0.892157 0.382576 0.100490 0.024621
0 0.750613 0.416193 0.386029 0.017992
0 0.750613 0.439867 0.386029 0.016098
0 0.749387 0.461648 0.386029 0.017992
0 0.749387 0.484848 0.383578 0.018939
0 0.749387 0.507576 0.383578 0.018939
0 0.750000 0.529356 0.384804 0.018939
0 0.750000 0.552557 0.384804 0.017992
0 0.750000 0.574811 0.384804 0.018939
0 0.750000 0.598011 0.382353 0.017992
0 0.749387 0.620739 0.383578 0.017992
0 0.607843 0.670928 0.100490 0.023674
0 0.754289 0.669981 0.101716 0.025568
0 0.891544 0.669981 0.101716 0.025568
0 0.748775 0.703598 0.382353 0.018939
0 0.748775 0.727273 0.382353 0.017045
0 0.748775 0.749527 0.382353 0.017992
0 0.749387 0.771307 0.383578 0.017992
0 0.750000 0.794034 0.384804 0.019886
0 0.749387 0.817708 0.383578 0.017992
0 0.750000 0.841383 0.384804 0.016098
0 0.749387 0.863636 0.383578 0.017045
0 0.750000 0.885890 0.384804 0.017992
0 0.750000 0.908617 0.384804 0.017992
