0 0.386642 0.162405 0.187500 0.023674
1 0.302083 0.204072 0.018382 0.014205
1 0.384191 0.204072 0.018382 0.014205
0 0.348652 0.268939 0.265931 0.024621
0 0.342525 0.299242 0.275735 0.024621
0 0.288603 0.344223 0.383578 0.023674
0 0.396446 0.708807 0.167892 0.025568
0 0.411152 0.753314 0.138480 0.025568
0 0.289216 0.799242 0.384804 0.024621
0 0.289216 0.844223 0.382353 0.023674
0 0.288603 0.890152 0.383578 0.024621
1 0.655025 0.102273 0.018382 0.015152
1 0.802083 0.102746 0.018382 0.014205
0 0.857843 0.186080 0.169118 0.025568
0 0.872549 0.215909 0.139706 0.024621
0 0.857843 0.298769 0.169118 0.023674
1 0.606005 0.330019 0.018382 0.014205
0 0.857843 0.397727 0.169118 0.024621
1 0.606618 0.428030 0.019608 0.015152
0 0.808824 0.496212 0.267157 0.024621
0 0.872549 0.526042 0.139706 0.025568
0 0.749387 0.571496 0.383578 0.023674
0 0.750000 0.617424 0.384804 0.024621
1 0.606618 0.647727 0.017157 0.015152
0 0.870711 0.716383 0.143382 0.023674
1 0.606005 0.746212 0.018382 0.015152
0 0.881740 0.776515 0.118873 0.024621
