1 0.065564 0.591383 0.025735 0.016098
1 0.065564 0.625473 0.025735 0.016098
0 0.272059 0.712121 0.350490 0.026515
0 0.587010 0.712121 0.267157 0.028409
0 0.835172 0.715436 0.219363 0.027462
0 0.270221 0.829545 0.349265 0.049242
0 0.585172 0.829545 0.275735 0.049242
0 0.834559 0.829545 0.220588 0.047348
0 0.529412 0.435133 0.196078 0.023674
1 0.243260 0.400095 0.018382 0.014205
0 0.789216 0.434186 0.286765 0.023674
1 0.074142 0.196496 0.013480 0.010417
1 0.181373 0.196023 0.014706 0.011364
0 0.185049 0.248106 0.240196 0.017045
0 0.185049 0.317708 0.237745 0.014205
0 0.185049 0.363636 0.237745 0.013258
