0 0.724265 0.178504 0.419118 0.021780
0 0.573529 0.204072 0.178922 0.019886
0 0.868873 0.205492 0.134804 0.017045
0 0.518995 0.276042 0.219363 0.027462
0 0.789828 0.275095 0.290441 0.027462
0 0.241422 0.541193 0.286765 0.029356
0 0.529412 0.540246 0.279412 0.027462
0 0.810049 0.540246 0.269608 0.025568
0 0.520221 0.609375 0.849265 0.025568
0 0.384191 0.654830 0.577206 0.029356
0 0.859681 0.654356 0.170343 0.026515
0 0.382966 0.699811 0.574755 0.026515
0 0.724265 0.700758 0.093137 0.028409
0 0.858456 0.700758 0.167892 0.026515
0 0.243873 0.746212 0.296569 0.026515
0 0.476716 0.745739 0.161765 0.027462
0 0.751838 0.746686 0.381127 0.027462
1 0.825980 0.776042 0.022059 0.016098
1 0.895221 0.775568 0.020833 0.017045
1 0.708333 0.374527 0.019608 0.017992
1 0.776961 0.374053 0.022059 0.017045
1 0.708333 0.404830 0.022059 0.017992
1 0.776348 0.403883 0.023284 0.017992
1 0.707721 0.442708 0.023284 0.017992
1 0.776961 0.443182 0.022059 0.017045
1 0.244485 0.241951 0.020833 0.017992
1 0.694853 0.654830 0.022059 0.017992
1 0.723652 0.655777 0.020833 0.017992
1 0.751225 0.654830 0.022059 0.017992
