0 0.919154 0.255814 0.079602 0.017442
0 0.238184 0.312500 0.359453 0.016473
0 0.599502 0.312500 0.325871 0.016473
0 0.870647 0.311531 0.181592 0.018411
0 0.341418 0.380329 0.563433 0.016473
0 0.740050 0.380329 0.199005 0.016473
0 0.899876 0.380329 0.120647 0.018411
0 0.439677 0.411822 0.762438 0.015504
0 0.901119 0.411822 0.120647 0.015504
0 0.399876 0.442829 0.682836 0.015504
0 0.860075 0.443798 0.200249 0.015504
1 0.873134 0.516473 0.017413 0.013566
1 0.929104 0.516957 0.017413 0.014535
0 0.685945 0.561531 0.160448 0.016473
0 0.878731 0.560562 0.160448 0.016473
0 0.608209 0.586725 0.701493 0.014535
1 0.873756 0.658430 0.018657 0.014535
1 0.929726 0.658430 0.018657 0.014535
0 0.784204 0.698159 0.140547 0.016473
0 0.626866 0.717054 0.455224 0.015504
1 0.873756 0.740795 0.018657 0.014535
1 0.929726 0.740795 0.018657 0.014535
0 0.782960 0.779554 0.140547 0.016473
0 0.782960 0.798934 0.140547 0.014535
0 0.783582 0.818798 0.139303 0.015504
0 0.784204 0.837694 0.140547 0.016473
0 0.643657 0.871609 0.419154 0.012597
