0 0.338848 0.223011 0.285539 0.023674
0 0.338235 0.253314 0.286765 0.023674
0 0.338235 0.283144 0.286765 0.024621
0 0.142157 0.337121 0.090686 0.024621
0 0.288603 0.336648 0.091912 0.025568
0 0.436275 0.336648 0.090686 0.025568
0 0.289216 0.370739 0.384804 0.016098
0 0.289828 0.393466 0.386029 0.016098
0 0.288603 0.417140 0.383578 0.016098
0 0.288603 0.438920 0.383578 0.016098
0 0.289216 0.462121 0.384804 0.017045
0 0.287990 0.484848 0.384804 0.017045
0 0.288603 0.508049 0.383578 0.016098
0 0.288603 0.530303 0.383578 0.017045
0 0.289216 0.553504 0.384804 0.016098
0 0.289828 0.575758 0.383578 0.017045
0 0.289828 0.598958 0.383578 0.016098
0 0.141544 0.647727 0.089461 0.024621
0 0.289216 0.647254 0.090686 0.025568
0 0.436275 0.646780 0.090686 0.024621
0 0.289216 0.681345 0.384804 0.017992
0 0.289216 0.704072 0.384804 0.017992
0 0.288603 0.727273 0.383578 0.017045
0 0.289828 0.750000 0.383578 0.017045
0 0.288603 0.773201 0.383578 0.016098
0 0.289216 0.795928 0.384804 0.016098
0 0.289216 0.817708 0.384804 0.016098
0 0.288603 0.839962 0.383578 0.017045
0 0.288603 0.863163 0.383578 0.017992
0 0.288603 0.885890 0.383578 0.017992
0 0.288603 0.909564 0.383578 0.016098
0 0.603554 0.093277 0.089461 0.023674
0 0.750000 0.093750 0.090686 0.022727
0 0.897672 0.093750 0.089461 0.022727
0 0.750000 0.128314 0.382353 0.016098
0 0.750613 0.151515 0.381127 0.015152
0 0.751225 0.175189 0.382353 0.015152
0 0.750000 0.197917 0.382353 0.015152
0 0.750000 0.220170 0.382353 0.016098
0 0.750613 0.243845 0.383578 0.014205
0 0.748775 0.264205 0.379902 0.015152
0 0.750000 0.286458 0.382353 0.017992
0 0.749387 0.311080 0.381127 0.016098
0 0.749387 0.333333 0.381127 0.017045
0 0.750000 0.355587 0.382353 0.014205
0 0.603554 0.404830 0.089461 0.023674
0 0.750000 0.404356 0.090686 0.024621
0 0.896446 0.404356 0.091912 0.024621
0 0.750000 0.439394 0.384804 0.017045
0 0.750613 0.462595 0.383578 0.016098
0 0.750000 0.484375 0.382353 0.016098
0 0.749387 0.507576 0.381127 0.017045
0 0.749387 0.530777 0.381127 0.016098
0 0.749387 0.553030 0.381127 0.017045
0 0.749387 0.575758 0.381127 0.015152
0 0.749387 0.597538 0.381127 0.015152
0 0.750000 0.620739 0.382353 0.017992
0 0.749387 0.644413 0.381127 0.014205
0 0.603554 0.693182 0.089461 0.024621
0 0.749387 0.693182 0.089461 0.024621
0 0.897059 0.692708 0.090686 0.025568
0 0.750613 0.726326 0.383578 0.018939
0 0.750613 0.749527 0.383578 0.016098
0 0.750613 0.771780 0.383578 0.017045
0 0.750613 0.795928 0.383578 0.016098
0 0.750613 0.818182 0.383578 0.017045
0 0.750000 0.840909 0.382353 0.017045
0 0.750000 0.863636 0.384804 0.017045
0 0.750613 0.886837 0.383578 0.016098
0 0.751225 0.909091 0.382353 0.017045
0 0.751225 0.931818 0.382353 0.017045
