0 0.793190 0.188057 0.201765 0.016043
0 0.793190 0.210339 0.201765 0.021390
0 0.833544 0.230392 0.121059 0.018717
0 0.624842 0.871658 0.609079 0.131907
1 0.302018 0.168895 0.034048 0.024064
1 0.382724 0.167558 0.031526 0.021390
1 0.333544 0.299020 0.031526 0.025847
1 0.420555 0.299911 0.034048 0.024064
1 0.334805 0.448752 0.034048 0.024064
1 0.421816 0.449643 0.034048 0.024064
1 0.334805 0.603387 0.034048 0.023173
1 0.419924 0.604724 0.035309 0.024064
1 0.334174 0.796791 0.035309 0.023173
1 0.421816 0.797683 0.034048 0.024955
