1 0.585750 0.102050 0.023960 0.016934
1 0.585750 0.120321 0.023960 0.016043
1 0.587011 0.385472 0.023960 0.016934
1 0.585750 0.405526 0.023960 0.016043
0 0.796974 0.447415 0.317781 0.019608
0 0.796974 0.472371 0.317781 0.021390
0 0.709962 0.504456 0.151324 0.019608
0 0.796974 0.528075 0.317781 0.020499
0 0.793190 0.629234 0.317781 0.021390
0 0.793190 0.580214 0.315259 0.019608
0 0.794451 0.603832 0.320303 0.020499
3 0.326608 0.797237 0.262295 0.040107
3 0.805801 0.799911 0.257251 0.040107
0 0.232030 0.857398 0.151324 0.021390
0 0.711854 0.856952 0.150063 0.020499
1 0.930013 0.143939 0.021438 0.015152
1 0.930643 0.173797 0.020177 0.014260
1 0.930643 0.201872 0.020177 0.013369
1 0.930643 0.230392 0.020177 0.013369
1 0.930013 0.267380 0.021438 0.014260
