0 0.338235 0.253314 0.286765 0.023674
0 0.338848 0.283144 0.287990 0.024621
0 0.338235 0.314394 0.286765 0.024621
0 0.289216 0.397254 0.384804 0.023674
0 0.343137 0.427083 0.276961 0.024621
0 0.392157 0.457386 0.178922 0.024621
1 0.107843 0.457860 0.019608 0.014205
1 0.176471 0.457860 0.019608 0.016098
1 0.244485 0.457860 0.018382 0.016098
0 0.343137 0.488163 0.276961 0.025568
0 0.165441 0.517992 0.061275 0.024621
0 0.396446 0.518466 0.170343 0.025568
0 0.343137 0.548769 0.276961 0.025568
0 0.343137 0.579072 0.276961 0.025568
0 0.289828 0.624053 0.386029 0.024621
0 0.289828 0.707386 0.383578 0.024621
0 0.289216 0.753314 0.384804 0.025568
0 0.289216 0.798295 0.384804 0.024621
3 0.750613 0.283617 0.383578 0.023674
0 0.862745 0.313920 0.159314 0.025568
1 0.821691 0.431345 0.018382 0.016098
1 0.894608 0.430871 0.019608 0.015152
0 0.749387 0.510890 0.386029 0.025568
0 0.799020 0.579545 0.286765 0.024621
0 0.799020 0.608902 0.286765 0.022727
0 0.799020 0.639678 0.286765 0.025568
0 0.799020 0.776042 0.286765 0.025568
0 0.799020 0.805871 0.286765 0.024621
0 0.799632 0.836174 0.287990 0.024621
