0 0.723203 0.200089 0.147541 0.022282
0 0.723834 0.296791 0.148802 0.023173
0 0.721942 0.393494 0.147541 0.024064
0 0.723834 0.488859 0.146280 0.024064
0 0.723834 0.585116 0.148802 0.024064
0 0.723834 0.680481 0.148802 0.024064
0 0.723203 0.844029 0.147541 0.023173
3 0.807692 0.148396 0.311475 0.052585
3 0.806431 0.246435 0.311475 0.052585
3 0.806431 0.340909 0.311475 0.052585
3 0.807692 0.437166 0.311475 0.052585
3 0.807692 0.532531 0.311475 0.052585
3 0.808953 0.629679 0.311475 0.052585
3 0.807692 0.793672 0.311475 0.052585
