0 0.336696 0.051248 0.290038 0.024064
0 0.336066 0.076649 0.288777 0.023173
0 0.336696 0.102941 0.290038 0.022282
0 0.264817 0.138592 0.146280 0.024064
0 0.337327 0.164439 0.288777 0.022282
0 0.336066 0.190285 0.288777 0.022282
0 0.337327 0.282531 0.288777 0.023173
0 0.336696 0.325312 0.287516 0.023173
0 0.337957 0.350267 0.290038 0.019608
0 0.336066 0.377005 0.288777 0.023173
0 0.337327 0.430036 0.291299 0.024064
0 0.337327 0.453654 0.288777 0.021390
0 0.337327 0.480838 0.288777 0.022282
0 0.264817 0.515597 0.146280 0.020499
0 0.335435 0.542335 0.292560 0.022282
0 0.336696 0.567736 0.290038 0.023173
0 0.336066 0.660428 0.288777 0.021390
0 0.337327 0.703209 0.288777 0.023173
0 0.335435 0.729055 0.290038 0.023173
0 0.336696 0.755348 0.290038 0.022282
