0 0.363971 0.141098 0.164216 0.017045
0 0.639706 0.142519 0.161765 0.016098
0 0.341912 0.188447 0.352941 0.017045
0 0.773897 0.189394 0.229167 0.015152
0 0.775123 0.217330 0.234069 0.016098
0 0.316176 0.308712 0.343137 0.015152
0 0.681985 0.309186 0.305147 0.014205
0 0.315564 0.333807 0.341912 0.016098
0 0.681373 0.334280 0.306373 0.015152
0 0.327819 0.457860 0.319853 0.017992
3 0.743873 0.496686 0.299020 0.017992
0 0.744485 0.522727 0.297794 0.017045
0 0.743873 0.549242 0.296569 0.017045
0 0.741422 0.574337 0.294118 0.017992
0 0.743873 0.600852 0.296569 0.017992
0 0.692402 0.642992 0.397059 0.017045
0 0.711397 0.672822 0.349265 0.016098
0 0.344975 0.687973 0.386029 0.014205
0 0.710784 0.731534 0.348039 0.014205
0 0.344975 0.744792 0.383578 0.014205
0 0.819853 0.745739 0.174020 0.012311
0 0.705270 0.810606 0.376225 0.018939
0 0.706495 0.837121 0.376225 0.018939
