0 0.373775 0.097064 0.421569 0.014205
0 0.886029 0.097064 0.053922 0.014205
0 0.373775 0.144413 0.421569 0.014205
0 0.645221 0.122633 0.023284 0.016098
0 0.732843 0.123580 0.110294 0.016098
0 0.881740 0.144886 0.052696 0.015152
0 0.645833 0.170928 0.024510 0.016098
0 0.732230 0.170928 0.106618 0.016098
0 0.360294 0.185606 0.078431 0.017045
0 0.521446 0.186080 0.116422 0.016098
0 0.264706 0.215436 0.198529 0.016098
0 0.294730 0.347538 0.224265 0.017045
0 0.667892 0.347538 0.269608 0.015152
0 0.241422 0.403883 0.117647 0.016098
3 0.771446 0.403409 0.268382 0.017045
