0 0.507353 0.312500 0.664216 0.015152
1 0.196078 0.404356 0.014706 0.011364
1 0.196078 0.419034 0.014706 0.012311
1 0.196078 0.434659 0.014706 0.013258
1 0.526348 0.423295 0.015931 0.013258
1 0.526961 0.438447 0.014706 0.011364
1 0.526961 0.455966 0.014706 0.010417
1 0.526961 0.470644 0.014706 0.013258
0 0.400123 0.434186 0.175245 0.017992
0 0.728554 0.470170 0.175245 0.016098
0 0.304534 0.559186 0.258578 0.017992
0 0.304534 0.608428 0.256127 0.017992
0 0.305760 0.733902 0.160539 0.017045
0 0.305760 0.813920 0.158088 0.017992
0 0.612132 0.733902 0.278186 0.015152
0 0.612132 0.750473 0.278186 0.012311
0 0.611520 0.765625 0.276961 0.012311
0 0.610907 0.780777 0.278186 0.012311
0 0.612745 0.814394 0.276961 0.017045
0 0.609681 0.830492 0.273284 0.011364
0 0.607230 0.845170 0.275735 0.012311
0 0.606005 0.859848 0.275735 0.013258
