1 0.457125 0.213012 0.018916 0.014260
1 0.457755 0.401515 0.020177 0.015152
1 0.456494 0.491087 0.022699 0.014260
1 0.456494 0.540107 0.022699 0.014260
1 0.457125 0.576203 0.021438 0.013369
1 0.456494 0.623886 0.022699 0.016043
1 0.457125 0.658645 0.021438 0.014260
1 0.456494 0.694296 0.020177 0.016043
1 0.457755 0.743761 0.020177 0.015152
1 0.457755 0.792781 0.020177 0.013369
1 0.457125 0.818182 0.021438 0.014260
1 0.456494 0.852496 0.022699 0.013369
1 0.457755 0.886809 0.020177 0.012478
1 0.457755 0.923797 0.020177 0.015152
1 0.938840 0.048574 0.021438 0.015152
1 0.938209 0.097148 0.022699 0.012478
1 0.938840 0.136364 0.021438 0.014260
