0 0.510719 0.140374 0.080706 0.018717
0 0.747793 0.141711 0.259773 0.017825
0 0.218789 0.165330 0.180328 0.016934
0 0.574401 0.165330 0.150063 0.016934
0 0.765448 0.164439 0.131148 0.018717
0 0.829130 0.191176 0.119798 0.016934
0 0.384615 0.189394 0.279950 0.016934
0 0.229508 0.215241 0.121059 0.016934
0 0.505675 0.215686 0.264817 0.017825
0 0.814628 0.215241 0.153846 0.016934
0 0.761034 0.239305 0.250946 0.018717
0 0.323455 0.238414 0.430013 0.018717
0 0.233922 0.263815 0.253468 0.019608
0 0.500631 0.437611 0.786885 0.074866
3 0.725725 0.573975 0.311475 0.051693
0 0.726356 0.632353 0.163934 0.020499
0 0.728247 0.660428 0.165195 0.019608
