1 0.107843 0.196496 0.019608 0.014205
0 0.289216 0.253314 0.384804 0.025568
1 0.107843 0.279830 0.019608 0.014205
0 0.289216 0.321023 0.384804 0.024621
1 0.107843 0.347538 0.019608 0.015152
0 0.289828 0.390152 0.383578 0.024621
0 0.326593 0.435133 0.310049 0.025568
1 0.107843 0.495739 0.019608 0.016098
1 0.225490 0.495739 0.019608 0.016098
1 0.343137 0.495739 0.019608 0.016098
1 0.107843 0.514678 0.017157 0.016098
1 0.303922 0.515152 0.019608 0.015152
0 0.338848 0.616951 0.285539 0.023674
0 0.338848 0.647254 0.285539 0.025568
0 0.338848 0.677083 0.285539 0.024621
0 0.289216 0.722538 0.384804 0.022727
0 0.289216 0.767992 0.384804 0.024621
0 0.338848 0.813920 0.285539 0.025568
0 0.372549 0.859375 0.218137 0.025568
0 0.750000 0.124527 0.384804 0.025568
0 0.750613 0.169981 0.383578 0.025568
0 0.749387 0.214489 0.386029 0.023674
0 0.799020 0.351799 0.286765 0.025568
0 0.853554 0.381629 0.177696 0.024621
1 0.566789 0.381629 0.018382 0.015152
1 0.635417 0.382102 0.018382 0.016098
1 0.704044 0.382102 0.018382 0.016098
0 0.799020 0.412405 0.286765 0.025568
0 0.627451 0.442708 0.061275 0.025568
0 0.858456 0.442708 0.167892 0.023674
0 0.799020 0.473011 0.286765 0.025568
0 0.799020 0.502367 0.286765 0.023674
0 0.750613 0.548769 0.383578 0.023674
