0 0.334805 0.058378 0.283733 0.020499
0 0.319042 0.102050 0.317781 0.020499
0 0.317781 0.123886 0.317781 0.017825
0 0.274275 0.167112 0.404792 0.020499
1 0.170240 0.196970 0.020177 0.014260
1 0.278689 0.194296 0.022699 0.014260
1 0.465322 0.196970 0.022699 0.016043
0 0.232030 0.233066 0.148802 0.018717
0 0.317781 0.276292 0.317781 0.019608
0 0.317781 0.301248 0.317781 0.019608
0 0.317781 0.323529 0.317781 0.019608
0 0.365069 0.352050 0.215637 0.019608
1 0.107818 0.458556 0.021438 0.013369
1 0.107818 0.477718 0.023960 0.016043
1 0.107818 0.520499 0.023960 0.016043
1 0.107818 0.540107 0.023960 0.016043
0 0.810214 0.058378 0.283733 0.020499
0 0.794451 0.100267 0.317781 0.020499
0 0.794451 0.123886 0.317781 0.019608
0 0.752207 0.168004 0.404792 0.020499
1 0.648172 0.195187 0.020177 0.016043
1 0.752837 0.194296 0.020177 0.016043
1 0.940731 0.196970 0.022699 0.016043
0 0.708701 0.232620 0.148802 0.019608
0 0.793190 0.275401 0.317781 0.019608
0 0.793190 0.299911 0.317781 0.020499
0 0.793190 0.324421 0.315259 0.017825
0 0.843001 0.353387 0.218159 0.020499
1 0.584489 0.460339 0.021438 0.013369
1 0.585750 0.479947 0.023960 0.015152
1 0.585750 0.520499 0.023960 0.014260
1 0.584489 0.539661 0.021438 0.013369
