1 0.833333 0.106061 0.022059 0.017045
1 0.892157 0.107008 0.024510 0.017045
1 0.832721 0.159091 0.023284 0.018939
1 0.890931 0.159091 0.024510 0.018939
1 0.832108 0.234848 0.022059 0.018939
1 0.891544 0.234848 0.020833 0.017045
1 0.832108 0.310133 0.022059 0.016098
1 0.890931 0.310606 0.022059 0.017045
1 0.832721 0.332860 0.020833 0.016098
1 0.890931 0.333333 0.022059 0.017045
1 0.832721 0.386364 0.023284 0.017045
1 0.892157 0.385890 0.022059 0.017992
1 0.675858 0.798769 0.023284 0.016098
1 0.705270 0.800189 0.023284 0.017045
1 0.735907 0.799242 0.023284 0.017045
0 0.303922 0.731534 0.419118 0.027462
0 0.373775 0.799242 0.558824 0.030303
0 0.373162 0.844697 0.557598 0.028409
0 0.705882 0.844697 0.095588 0.028409
0 0.851103 0.798769 0.185049 0.025568
0 0.850490 0.844223 0.183824 0.029356
0 0.734681 0.731534 0.417892 0.027462
0 0.262868 0.889205 0.337010 0.026515
0 0.504289 0.890152 0.136029 0.026515
0 0.759191 0.890152 0.366422 0.026515
0 0.520833 0.662879 0.850490 0.026515
1 0.107843 0.508049 0.022059 0.016098
1 0.107230 0.530303 0.020833 0.017045
