1 0.770492 0.098039 0.030265 0.023173
1 0.846154 0.098039 0.030265 0.021390
1 0.769861 0.125223 0.029004 0.020499
1 0.845523 0.126560 0.031526 0.021390
1 0.770492 0.151515 0.030265 0.021390
1 0.845523 0.152852 0.031526 0.022282
1 0.770492 0.180036 0.030265 0.021390
1 0.847415 0.179144 0.032787 0.023173
1 0.769861 0.206774 0.031526 0.023173
1 0.846784 0.206328 0.031526 0.022282
1 0.768600 0.233512 0.031526 0.023173
1 0.845523 0.233957 0.031526 0.020499
1 0.769861 0.259804 0.031526 0.022282
1 0.848045 0.260695 0.031526 0.022282
1 0.770492 0.287879 0.030265 0.021390
1 0.847415 0.287879 0.030265 0.021390
1 0.770492 0.314617 0.030265 0.021390
1 0.846784 0.314171 0.029004 0.022282
1 0.769861 0.340909 0.031526 0.022282
1 0.846784 0.340909 0.031526 0.020499
1 0.274905 0.405080 0.032787 0.022282
1 0.375158 0.405526 0.031526 0.023173
1 0.274905 0.735294 0.032787 0.023173
1 0.360025 0.735294 0.031526 0.023173
