0 0.832108 0.830492 0.176471 0.018939
0 0.837010 0.868845 0.186275 0.031250
0 0.832108 0.893939 0.176471 0.022727
0 0.835172 0.917614 0.175245 0.015152
0 0.840074 0.937027 0.175245 0.017992
0 0.349265 0.093277 0.424020 0.021780
0 0.350490 0.120739 0.416667 0.016098
0 0.308824 0.151989 0.075980 0.019886
0 0.442402 0.151042 0.073529 0.019886
0 0.283701 0.173295 0.278186 0.018939
0 0.599265 0.499527 0.186275 0.021780
0 0.599265 0.526515 0.186275 0.026515
0 0.597426 0.561080 0.185049 0.023674
0 0.597426 0.593277 0.182598 0.029356
0 0.599265 0.628314 0.186275 0.027462
0 0.755515 0.496686 0.064951 0.023674
0 0.757966 0.528883 0.060049 0.025568
0 0.757966 0.562027 0.064951 0.025568
0 0.756740 0.594223 0.062500 0.027462
0 0.757966 0.629735 0.064951 0.028409
1 0.079657 0.372633 0.026961 0.019886
1 0.082108 0.389205 0.026961 0.017045
1 0.132966 0.410511 0.023284 0.019886
1 0.134191 0.425189 0.028186 0.018939
1 0.295343 0.451705 0.024510 0.018939
1 0.294118 0.468277 0.024510 0.016098
1 0.293505 0.669508 0.023284 0.017045
1 0.295343 0.686080 0.019608 0.016098
1 0.845588 0.491951 0.024510 0.019886
1 0.844363 0.507576 0.024510 0.017045
1 0.843750 0.524148 0.023284 0.017992
1 0.844363 0.539299 0.024510 0.019886
1 0.844363 0.558239 0.026961 0.017992
1 0.843137 0.574811 0.026961 0.015152
1 0.844363 0.593277 0.022059 0.019886
1 0.843750 0.608902 0.028186 0.018939
1 0.843750 0.625473 0.025735 0.016098
1 0.844363 0.642992 0.026961 0.017045
1 0.625000 0.123106 0.024510 0.020833
1 0.623162 0.141098 0.023284 0.017045
