1 0.384615 0.139929 0.022699 0.016043
1 0.466583 0.139929 0.022699 0.016043
1 0.385876 0.206774 0.022699 0.016043
1 0.466583 0.204991 0.022699 0.016043
1 0.385876 0.286988 0.022699 0.016043
1 0.466583 0.286988 0.022699 0.016043
1 0.385876 0.352941 0.022699 0.016043
1 0.465322 0.352941 0.022699 0.016043
1 0.384615 0.390820 0.022699 0.016934
1 0.465322 0.391266 0.022699 0.016043
1 0.384615 0.442959 0.022699 0.016043
1 0.465322 0.443850 0.022699 0.016043
1 0.384615 0.510250 0.022699 0.015152
1 0.465322 0.509804 0.022699 0.014260
1 0.384615 0.576649 0.022699 0.016043
1 0.465322 0.577094 0.022699 0.016934
1 0.384615 0.642602 0.022699 0.016043
1 0.465322 0.643494 0.022699 0.016043
1 0.385876 0.708556 0.022699 0.016043
1 0.465322 0.709447 0.022699 0.016043
1 0.384615 0.761586 0.022699 0.016934
1 0.466583 0.762478 0.022699 0.015152
1 0.384615 0.813725 0.022699 0.016043
1 0.465322 0.814617 0.022699 0.016043
1 0.384615 0.851604 0.022699 0.013369
1 0.466583 0.851604 0.022699 0.013369
1 0.384615 0.903743 0.022699 0.016043
1 0.465322 0.904635 0.022699 0.016043
1 0.861286 0.077540 0.022699 0.016043
1 0.943253 0.077986 0.022699 0.015152
1 0.861286 0.157754 0.022699 0.016043
1 0.941992 0.158645 0.022699 0.016043
