0 0.293505 0.125000 0.400735 0.028409
0 0.746324 0.125000 0.401961 0.026515
0 0.294118 0.169508 0.399510 0.028409
0 0.520221 0.329072 0.849265 0.027462
0 0.303309 0.397254 0.420343 0.029356
0 0.735907 0.397727 0.417892 0.030303
0 0.373775 0.465436 0.558824 0.027462
0 0.851716 0.466383 0.186275 0.027462
0 0.373775 0.510417 0.556373 0.028409
0 0.705270 0.510417 0.096814 0.026515
0 0.849877 0.510890 0.185049 0.029356
0 0.264093 0.555398 0.337010 0.027462
0 0.504289 0.554924 0.136029 0.028409
0 0.761029 0.557292 0.367647 0.027462
0 0.294730 0.616951 0.398284 0.027462
0 0.745711 0.616951 0.398284 0.027462
0 0.292892 0.661932 0.397059 0.026515
0 0.519608 0.851799 0.850490 0.027462
1 0.833333 0.779356 0.024510 0.018939
1 0.890931 0.780303 0.022059 0.017045
1 0.675858 0.466383 0.023284 0.019886
1 0.705270 0.465436 0.023284 0.017992
1 0.735294 0.465909 0.022059 0.020833
