1 0.131127 0.201705 0.019608 0.017045
1 0.130515 0.215909 0.023284 0.015152
1 0.161765 0.270360 0.024510 0.017992
1 0.159926 0.284564 0.023284 0.016098
1 0.159926 0.301136 0.023284 0.015152
1 0.161765 0.330019 0.019608 0.016098
1 0.162377 0.347064 0.018382 0.016098
1 0.159926 0.361269 0.020833 0.012311
1 0.159926 0.375947 0.020833 0.015152
1 0.161152 0.407197 0.018382 0.017045
1 0.130515 0.445549 0.023284 0.016098
1 0.160539 0.461174 0.017157 0.013258
1 0.162377 0.476326 0.025735 0.017045
1 0.160539 0.491477 0.022059 0.017045
1 0.398897 0.460701 0.025735 0.016098
1 0.398897 0.476326 0.025735 0.013258
1 0.627451 0.462121 0.022059 0.017045
1 0.129289 0.521780 0.018382 0.015152
1 0.162990 0.537405 0.024510 0.016098
1 0.162377 0.552557 0.020833 0.012311
1 0.159926 0.566761 0.020833 0.014205
1 0.159926 0.590436 0.020833 0.017992
1 0.162990 0.607481 0.022059 0.014205
1 0.161152 0.620739 0.025735 0.014205
1 0.162990 0.635417 0.019608 0.017045
1 0.161765 0.651042 0.019608 0.016098
1 0.401348 0.537405 0.020833 0.012311
1 0.401348 0.552083 0.023284 0.015152
1 0.398897 0.566761 0.023284 0.014205
1 0.400123 0.591383 0.023284 0.016098
1 0.398897 0.607008 0.023284 0.015152
1 0.400735 0.621686 0.022059 0.016098
1 0.399510 0.637784 0.024510 0.016098
1 0.400735 0.652936 0.022059 0.014205
1 0.162990 0.683712 0.022059 0.015152
1 0.131127 0.697917 0.022059 0.015152
1 0.129902 0.721117 0.019608 0.016098
1 0.130515 0.737216 0.023284 0.014205
1 0.130515 0.753788 0.023284 0.013258
1 0.128676 0.767045 0.017157 0.013258
1 0.132353 0.783617 0.024510 0.017992
1 0.128676 0.796875 0.022059 0.016098
1 0.132353 0.813920 0.022059 0.016098
1 0.131127 0.828598 0.019608 0.015152
1 0.400123 0.829545 0.028186 0.018939
1 0.626838 0.829545 0.025735 0.017045
1 0.629289 0.868371 0.023284 0.017045
1 0.398284 0.851799 0.022059 0.016098
1 0.400123 0.868371 0.023284 0.015152
1 0.129902 0.852746 0.022059 0.016098
1 0.129902 0.868371 0.026961 0.015152
1 0.131740 0.883996 0.018382 0.016098
1 0.131127 0.915720 0.022059 0.017045
0 0.577206 0.509470 0.794118 0.018939
0 0.748775 0.653883 0.448529 0.014205
0 0.695466 0.669508 0.557598 0.017045
0 0.702819 0.684659 0.535539 0.015152
0 0.868873 0.885417 0.205882 0.018939
0 0.558824 0.901515 0.830882 0.017045
0 0.616422 0.917614 0.710784 0.015152
