0 0.313725 0.064394 0.350490 0.013258
0 0.223039 0.133523 0.267157 0.013258
0 0.223652 0.158144 0.268382 0.013258
0 0.223652 0.182765 0.268382 0.013258
0 0.223039 0.207860 0.267157 0.014205
0 0.171569 0.267045 0.164216 0.013258
0 0.223039 0.329072 0.267157 0.014205
0 0.223039 0.355114 0.267157 0.013258
0 0.223039 0.379261 0.264706 0.014205
0 0.223039 0.405303 0.267157 0.013258
0 0.221814 0.437027 0.264706 0.014205
0 0.172181 0.465436 0.162990 0.012311
0 0.223652 0.589489 0.268382 0.016098
0 0.224265 0.615530 0.267157 0.013258
0 0.224877 0.640152 0.268382 0.015152
0 0.223039 0.672348 0.267157 0.017045
0 0.171569 0.699811 0.164216 0.015152
0 0.177696 0.922348 0.122549 0.013258
3 0.240196 0.876894 0.301471 0.022727
3 0.576593 0.876894 0.300245 0.022727
0 0.522672 0.920928 0.123775 0.014205
0 0.696078 0.654830 0.134804 0.010417
0 0.695466 0.669981 0.133578 0.010417
0 0.696078 0.684659 0.134804 0.009470
0 0.866422 0.528409 0.178922 0.013258
0 0.655637 0.514205 0.188725 0.011364
0 0.694853 0.446023 0.129902 0.011364
0 0.696078 0.461648 0.132353 0.008523
0 0.696078 0.475379 0.134804 0.007576
1 0.379902 0.559659 0.009804 0.007576
1 0.379902 0.573864 0.009804 0.007576
1 0.379902 0.586648 0.009804 0.008523
1 0.379902 0.600379 0.009804 0.007576
1 0.379902 0.639678 0.009804 0.006629
1 0.379289 0.653409 0.011029 0.007576
1 0.379902 0.360322 0.009804 0.008523
1 0.379902 0.373580 0.012255 0.008523
1 0.379289 0.386837 0.008578 0.006629
1 0.379902 0.400095 0.009804 0.006629
1 0.379902 0.432765 0.009804 0.007576
1 0.379902 0.446023 0.009804 0.007576
1 0.379289 0.159564 0.011029 0.008523
1 0.379289 0.172822 0.011029 0.008523
1 0.379289 0.186080 0.011029 0.008523
1 0.379902 0.199337 0.009804 0.008523
1 0.379902 0.230114 0.009804 0.009470
1 0.380515 0.242424 0.011029 0.007576
0 0.821078 0.064394 0.237745 0.015152
0 0.656250 0.122633 0.192402 0.014205
0 0.867034 0.125947 0.177696 0.017045
0 0.697304 0.243371 0.134804 0.013258
0 0.697304 0.257576 0.134804 0.013258
0 0.696078 0.272254 0.132353 0.012311
0 0.656250 0.312027 0.189951 0.012311
0 0.866422 0.328598 0.176471 0.013258
