0 0.215074 0.120265 0.295343 0.013258
0 0.214461 0.135890 0.296569 0.014205
0 0.213848 0.153883 0.297794 0.014205
0 0.213848 0.171875 0.297794 0.014205
0 0.214461 0.190341 0.296569 0.015152
0 0.214461 0.208333 0.296569 0.013258
0 0.213848 0.226326 0.297794 0.015152
0 0.214461 0.243845 0.296569 0.014205
0 0.214461 0.262311 0.296569 0.015152
0 0.214461 0.280777 0.296569 0.014205
0 0.214461 0.299242 0.296569 0.015152
0 0.215686 0.318182 0.296569 0.013258
0 0.215074 0.334754 0.295343 0.014205
0 0.214461 0.352746 0.296569 0.014205
0 0.215074 0.371686 0.297794 0.014205
0 0.213848 0.390625 0.297794 0.014205
0 0.215074 0.408617 0.297794 0.012311
0 0.214461 0.425189 0.296569 0.013258
0 0.215074 0.443182 0.297794 0.015152
0 0.215686 0.462121 0.299020 0.015152
0 0.215074 0.481061 0.297794 0.013258
0 0.215686 0.499053 0.299020 0.015152
0 0.215686 0.517045 0.299020 0.015152
0 0.215686 0.535038 0.299020 0.015152
0 0.215686 0.553504 0.301471 0.016098
0 0.215074 0.571970 0.300245 0.013258
0 0.215686 0.589962 0.301471 0.013258
0 0.216299 0.607481 0.300245 0.014205
0 0.399510 0.119792 0.036765 0.010417
0 0.400123 0.135417 0.037990 0.011364
0 0.400123 0.152936 0.037990 0.014205
0 0.399510 0.170928 0.036765 0.014205
0 0.400123 0.190814 0.037990 0.012311
0 0.398897 0.207860 0.035539 0.014205
0 0.398284 0.226799 0.034314 0.012311
0 0.399510 0.243845 0.036765 0.014205
0 0.400123 0.261837 0.037990 0.016098
0 0.399510 0.281250 0.036765 0.013258
0 0.398897 0.298769 0.037990 0.014205
0 0.399510 0.316761 0.036765 0.014205
0 0.400123 0.335227 0.035539 0.013258
0 0.400123 0.352746 0.037990 0.014205
0 0.398897 0.371686 0.035539 0.016098
0 0.398897 0.389678 0.035539 0.014205
0 0.400123 0.408144 0.035539 0.013258
0 0.400735 0.426136 0.036765 0.015152
0 0.400123 0.444129 0.035539 0.013258
0 0.400123 0.462121 0.035539 0.015152
0 0.400123 0.480587 0.035539 0.014205
0 0.400735 0.499053 0.034314 0.013258
0 0.401348 0.517045 0.035539 0.015152
0 0.400735 0.535511 0.034314 0.014205
0 0.401348 0.553977 0.035539 0.015152
0 0.401961 0.571970 0.036765 0.013258
0 0.400735 0.589489 0.034314 0.014205
0 0.400735 0.607008 0.034314 0.015152
0 0.479167 0.120265 0.049020 0.011364
0 0.476716 0.136364 0.046569 0.013258
0 0.477941 0.154830 0.044118 0.012311
0 0.479167 0.171875 0.049020 0.014205
0 0.479779 0.191288 0.047794 0.011364
0 0.479779 0.208333 0.045343 0.013258
0 0.479779 0.226799 0.045343 0.012311
0 0.479779 0.244318 0.045343 0.013258
0 0.479167 0.261364 0.044118 0.015152
0 0.479779 0.281250 0.045343 0.015152
0 0.479167 0.299242 0.046569 0.013258
0 0.479779 0.317708 0.045343 0.012311
0 0.479167 0.334280 0.046569 0.015152
0 0.480392 0.353220 0.046569 0.015152
0 0.480392 0.371686 0.046569 0.014205
0 0.479779 0.390152 0.047794 0.015152
0 0.480392 0.408144 0.046569 0.013258
0 0.482230 0.426610 0.050245 0.014205
0 0.481005 0.445076 0.047794 0.013258
0 0.479779 0.462595 0.045343 0.014205
0 0.479779 0.481061 0.047794 0.015152
0 0.479779 0.499527 0.050245 0.014205
0 0.479167 0.517992 0.051471 0.013258
0 0.480392 0.535511 0.051471 0.014205
0 0.480392 0.553977 0.051471 0.015152
0 0.480392 0.572443 0.051471 0.012311
0 0.480392 0.589015 0.051471 0.015152
0 0.479779 0.607955 0.050245 0.013258
0 0.539828 0.119792 0.035539 0.012311
0 0.540441 0.135890 0.036765 0.014205
0 0.539828 0.153883 0.035539 0.012311
0 0.541054 0.171402 0.037990 0.017045
0 0.541054 0.190814 0.037990 0.014205
0 0.542279 0.208807 0.037990 0.014205
0 0.541054 0.226326 0.037990 0.013258
0 0.542279 0.243845 0.037990 0.014205
0 0.541054 0.262784 0.037990 0.014205
0 0.541054 0.281250 0.037990 0.013258
0 0.540441 0.299716 0.036765 0.014205
0 0.539828 0.317235 0.035539 0.015152
0 0.539828 0.336174 0.035539 0.013258
0 0.539216 0.353693 0.034314 0.012311
0 0.541054 0.371212 0.037990 0.015152
0 0.540441 0.390625 0.039216 0.014205
0 0.541054 0.408144 0.040441 0.013258
0 0.541054 0.425663 0.040441 0.014205
0 0.540441 0.443655 0.041667 0.014205
0 0.541054 0.462121 0.037990 0.015152
0 0.540441 0.480114 0.039216 0.015152
0 0.540441 0.499527 0.039216 0.014205
0 0.539828 0.517045 0.035539 0.013258
0 0.540441 0.535038 0.039216 0.013258
0 0.539828 0.553504 0.037990 0.014205
0 0.540441 0.571496 0.036765 0.014205
0 0.541667 0.589489 0.039216 0.014205
0 0.542279 0.608428 0.037990 0.014205
0 0.620098 0.119792 0.049020 0.012311
0 0.620711 0.136364 0.050245 0.015152
0 0.620711 0.154356 0.050245 0.013258
0 0.620711 0.172348 0.050245 0.013258
0 0.620098 0.189867 0.049020 0.016098
0 0.620098 0.208807 0.049020 0.012311
0 0.620098 0.225852 0.049020 0.014205
0 0.620711 0.244318 0.050245 0.013258
0 0.620098 0.263258 0.049020 0.015152
0 0.620711 0.281723 0.047794 0.014205
0 0.620711 0.299716 0.047794 0.014205
0 0.619485 0.317235 0.047794 0.013258
0 0.620098 0.335701 0.049020 0.016098
0 0.619485 0.353693 0.047794 0.014205
0 0.619485 0.372633 0.050245 0.014205
0 0.620098 0.390625 0.049020 0.014205
0 0.619485 0.408617 0.047794 0.014205
0 0.619485 0.427083 0.047794 0.011364
0 0.620098 0.445076 0.049020 0.013258
0 0.619485 0.463068 0.047794 0.013258
0 0.620098 0.482008 0.049020 0.013258
0 0.620098 0.499527 0.049020 0.014205
0 0.619485 0.517045 0.050245 0.013258
0 0.620098 0.535038 0.049020 0.015152
0 0.619485 0.553504 0.050245 0.014205
0 0.619485 0.571496 0.047794 0.014205
0 0.620098 0.589489 0.049020 0.014205
0 0.620098 0.607955 0.049020 0.015152
0 0.693015 0.119318 0.045343 0.013258
0 0.692402 0.135417 0.044118 0.013258
0 0.692402 0.153883 0.044118 0.014205
0 0.692402 0.171402 0.046569 0.013258
0 0.692402 0.189867 0.049020 0.014205
0 0.692402 0.208333 0.046569 0.013258
0 0.692402 0.226326 0.046569 0.013258
0 0.692402 0.244792 0.046569 0.014205
0 0.693015 0.262311 0.047794 0.013258
0 0.693015 0.280777 0.050245 0.014205
0 0.693015 0.298769 0.047794 0.014205
0 0.692402 0.316761 0.046569 0.014205
0 0.693015 0.334754 0.045343 0.014205
0 0.693627 0.352746 0.046569 0.014205
0 0.693627 0.371212 0.046569 0.013258
0 0.693627 0.390152 0.046569 0.015152
0 0.694240 0.408617 0.045343 0.014205
0 0.694240 0.426610 0.045343 0.014205
0 0.694240 0.444129 0.045343 0.013258
0 0.693627 0.464015 0.046569 0.015152
0 0.693627 0.481061 0.049020 0.013258
0 0.693627 0.499053 0.049020 0.015152
0 0.693627 0.517045 0.049020 0.015152
0 0.693627 0.535038 0.049020 0.015152
0 0.693627 0.553504 0.049020 0.014205
0 0.693627 0.571970 0.049020 0.013258
0 0.693015 0.589015 0.047794 0.013258
0 0.692402 0.607008 0.049020 0.015152
0 0.773897 0.119792 0.050245 0.012311
0 0.774510 0.135890 0.049020 0.014205
0 0.775123 0.153883 0.050245 0.014205
0 0.774510 0.171402 0.051471 0.013258
0 0.774510 0.191288 0.049020 0.015152
0 0.775123 0.210227 0.047794 0.013258
0 0.776348 0.227746 0.047794 0.014205
0 0.776348 0.244792 0.050245 0.014205
0 0.774510 0.262784 0.049020 0.014205
0 0.774510 0.281250 0.049020 0.015152
0 0.775123 0.299716 0.047794 0.012311
0 0.774510 0.317708 0.049020 0.014205
0 0.774510 0.335701 0.046569 0.014205
0 0.774510 0.353220 0.049020 0.013258
0 0.774510 0.372159 0.046569 0.015152
0 0.774510 0.391098 0.049020 0.013258
0 0.774510 0.408617 0.049020 0.014205
0 0.775735 0.426136 0.049020 0.015152
0 0.774510 0.445076 0.049020 0.013258
0 0.773897 0.463542 0.047794 0.012311
0 0.774510 0.480114 0.049020 0.015152
0 0.775123 0.499527 0.050245 0.014205
0 0.774510 0.517992 0.049020 0.013258
0 0.775123 0.535985 0.047794 0.013258
0 0.775123 0.553504 0.047794 0.014205
0 0.775123 0.571970 0.047794 0.013258
0 0.775123 0.589962 0.047794 0.015152
0 0.774510 0.607955 0.046569 0.013258
0 0.905637 0.119792 0.100490 0.012311
0 0.905637 0.136364 0.100490 0.013258
0 0.906863 0.154356 0.100490 0.013258
0 0.906250 0.171402 0.101716 0.013258
0 0.905637 0.189867 0.098039 0.014205
0 0.905025 0.209280 0.096814 0.013258
0 0.905637 0.227273 0.098039 0.013258
0 0.906250 0.244792 0.096814 0.014205
0 0.906250 0.262311 0.099265 0.013258
0 0.905025 0.282197 0.099265 0.013258
0 0.904412 0.299716 0.098039 0.014205
0 0.904412 0.317708 0.095588 0.014205
0 0.904412 0.335701 0.098039 0.014205
0 0.904412 0.353220 0.098039 0.013258
0 0.904412 0.371686 0.098039 0.016098
0 0.903799 0.391098 0.096814 0.013258
0 0.903799 0.407670 0.096814 0.014205
0 0.903799 0.427083 0.096814 0.013258
0 0.903799 0.444602 0.096814 0.012311
0 0.904412 0.462595 0.098039 0.014205
0 0.905025 0.480587 0.099265 0.014205
0 0.904412 0.499053 0.098039 0.015152
0 0.905025 0.517045 0.096814 0.015152
0 0.905025 0.535511 0.096814 0.014205
0 0.905025 0.553977 0.096814 0.015152
0 0.903799 0.572443 0.096814 0.014205
0 0.904412 0.589962 0.098039 0.015152
0 0.903799 0.608428 0.096814 0.014205
0 0.904412 0.627841 0.095588 0.011364
