0 0.365809 0.141572 0.165441 0.021780
0 0.639706 0.141098 0.156863 0.018939
0 0.342525 0.188920 0.349265 0.016098
0 0.775123 0.189867 0.234069 0.016098
0 0.776348 0.217330 0.234069 0.016098
0 0.317402 0.307765 0.340686 0.017045
0 0.683211 0.308712 0.305147 0.015152
0 0.316789 0.334280 0.341912 0.015152
0 0.681985 0.335227 0.302696 0.015152
0 0.327206 0.450758 0.318627 0.017045
3 0.742647 0.487689 0.296569 0.018939
0 0.743260 0.515625 0.297794 0.016098
0 0.742647 0.540246 0.296569 0.017992
0 0.743873 0.566761 0.299020 0.017992
0 0.743260 0.591856 0.297794 0.017045
0 0.692402 0.633049 0.394608 0.017992
0 0.712623 0.664299 0.349265 0.016098
0 0.346814 0.679924 0.384804 0.013258
0 0.712623 0.720644 0.349265 0.017045
0 0.346201 0.736269 0.386029 0.014205
0 0.819240 0.737689 0.170343 0.013258
0 0.706495 0.803030 0.373775 0.018939
0 0.705882 0.829545 0.372549 0.017045
