0 0.238358 0.185606 0.290441 0.028409
0 0.534314 0.185606 0.294118 0.028409
0 0.811275 0.183239 0.257353 0.029356
0 0.381740 0.214962 0.212010 0.032197
0 0.148284 0.260890 0.105392 0.031250
0 0.263480 0.260890 0.107843 0.031250
0 0.380515 0.259943 0.104167 0.029356
0 0.522672 0.326231 0.856618 0.105114
0 0.147059 0.428030 0.102941 0.028409
0 0.264093 0.426610 0.101716 0.027462
0 0.381740 0.427557 0.104167 0.029356
0 0.522672 0.507576 0.851716 0.117424
0 0.147059 0.594697 0.102941 0.026515
0 0.264706 0.593750 0.102941 0.028409
0 0.381127 0.593750 0.102941 0.028409
0 0.523284 0.669981 0.852941 0.114583
0 0.147672 0.760417 0.099265 0.026515
0 0.264093 0.760890 0.104167 0.027462
0 0.382353 0.759943 0.102941 0.027462
0 0.522672 0.839015 0.851716 0.117424
