0 0.312500 0.061080 0.350490 0.021780
0 0.820466 0.061080 0.234069 0.019886
0 0.276961 0.321023 0.394608 0.022727
0 0.221814 0.360795 0.110294 0.017045
0 0.277574 0.437973 0.395833 0.021780
3 0.278186 0.278883 0.392157 0.025568
3 0.718750 0.279830 0.390931 0.025568
0 0.724265 0.321970 0.409314 0.020833
0 0.726716 0.357008 0.409314 0.017045
0 0.726103 0.392992 0.410539 0.020833
0 0.724265 0.430398 0.409314 0.016098
0 0.664216 0.469223 0.110294 0.016098
0 0.659314 0.503314 0.107843 0.016098
0 0.847426 0.503314 0.180147 0.016098
0 0.276961 0.473011 0.404412 0.019886
0 0.286152 0.560133 0.180147 0.017992
0 0.286765 0.579545 0.176471 0.015152
0 0.274510 0.648201 0.389706 0.019886
0 0.277574 0.681818 0.395833 0.022727
0 0.276961 0.721117 0.397059 0.017992
