1 0.109079 0.081551 0.021438 0.016934
1 0.107818 0.101159 0.021438 0.016934
0 0.338588 0.124332 0.276166 0.020499
0 0.338588 0.147950 0.278689 0.019608
0 0.338588 0.172460 0.276166 0.020499
0 0.338588 0.196970 0.276166 0.021390
0 0.337327 0.221480 0.276166 0.018717
0 0.338588 0.257130 0.276166 0.020499
0 0.338588 0.282086 0.276166 0.018717
0 0.338588 0.304813 0.276166 0.019608
0 0.338588 0.328877 0.276166 0.017825
0 0.338588 0.353832 0.276166 0.019608
0 0.338588 0.391266 0.276166 0.021390
0 0.338588 0.415330 0.276166 0.019608
0 0.338588 0.438948 0.276166 0.020499
0 0.338588 0.462567 0.273644 0.019608
0 0.338588 0.485294 0.273644 0.020499
0 0.402270 0.548128 0.148802 0.019608
1 0.109079 0.618538 0.021438 0.016043
1 0.109079 0.637255 0.021438 0.016043
0 0.280580 0.666667 0.147541 0.021390
1 0.175914 0.710339 0.018916 0.014260
0 0.281211 0.736631 0.148802 0.020499
1 0.175914 0.756684 0.021438 0.016043
1 0.109079 0.808378 0.021438 0.014260
1 0.109079 0.827986 0.021438 0.016043
0 0.342371 0.852050 0.271122 0.019608
0 0.341110 0.876560 0.271122 0.020499
0 0.280580 0.909537 0.147541 0.020499
0 0.282472 0.933155 0.146280 0.019608
1 0.585750 0.053922 0.021438 0.015152
1 0.585750 0.072638 0.021438 0.016934
0 0.819042 0.095811 0.271122 0.020499
0 0.758512 0.120321 0.147541 0.019608
1 0.587011 0.186275 0.021438 0.016043
1 0.587011 0.205437 0.016393 0.016934
1 0.587011 0.651961 0.021438 0.016934
1 0.587011 0.670677 0.021438 0.016934
