0 0.261642 0.143939 0.253676 0.024621
0 0.236520 0.191288 0.286765 0.028409
0 0.719363 0.143466 0.174020 0.025568
0 0.713235 0.176610 0.181373 0.025568
0 0.743260 0.241951 0.136029 0.025568
0 0.236520 0.271780 0.284314 0.024621
0 0.543505 0.461174 0.359069 0.041667
0 0.691176 0.560133 0.338235 0.036932
0 0.428309 0.705019 0.300245 0.036932
0 0.783701 0.696970 0.216912 0.017045
0 0.818015 0.719223 0.155637 0.021780
3 0.483456 0.840909 0.185049 0.026515
0 0.255515 0.875473 0.121324 0.023674
0 0.523284 0.874527 0.196078 0.025568
