0 0.334805 0.058378 0.283733 0.020499
0 0.319042 0.102050 0.317781 0.020499
0 0.274275 0.185829 0.404792 0.020499
1 0.170240 0.216132 0.025221 0.013369
1 0.278689 0.214349 0.020177 0.013369
1 0.465322 0.214795 0.022699 0.016043
0 0.235183 0.254011 0.147541 0.019608
0 0.317781 0.295009 0.317781 0.019608
0 0.319042 0.320856 0.317781 0.019608
0 0.317781 0.343583 0.317781 0.020499
1 0.107818 0.430036 0.023960 0.013369
1 0.107818 0.448307 0.021438 0.016043
0 0.365700 0.586453 0.221942 0.019608
1 0.107818 0.689840 0.021438 0.016043
1 0.107818 0.733066 0.021438 0.013369
0 0.308323 0.708556 0.336696 0.019608
0 0.365700 0.751337 0.221942 0.019608
0 0.365700 0.775401 0.224464 0.019608
0 0.325977 0.808378 0.147541 0.019608
0 0.327869 0.832442 0.148802 0.019608
0 0.305170 0.870321 0.337957 0.020499
0 0.810214 0.059715 0.283733 0.019608
0 0.793190 0.100713 0.317781 0.019608
0 0.750946 0.185829 0.404792 0.020499
1 0.648172 0.214795 0.022699 0.016043
1 0.752837 0.214795 0.022699 0.016043
1 0.940731 0.214795 0.020177 0.016043
0 0.711854 0.253119 0.150063 0.019608
0 0.794451 0.296346 0.317781 0.020499
0 0.793190 0.318182 0.317781 0.019608
0 0.793190 0.344029 0.317781 0.019608
1 0.585750 0.428253 0.023960 0.016934
1 0.584489 0.448307 0.021438 0.016043
0 0.840479 0.586453 0.223203 0.019608
1 0.585750 0.689840 0.023960 0.016043
1 0.584489 0.733512 0.021438 0.016043
0 0.786255 0.708556 0.336696 0.019608
0 0.842371 0.751337 0.224464 0.019608
0 0.840479 0.777184 0.223203 0.019608
0 0.805801 0.809715 0.148802 0.020499
0 0.803909 0.834225 0.150063 0.019608
0 0.783102 0.870321 0.337957 0.020499
