0 0.313725 0.063920 0.352941 0.014205
0 0.821691 0.064394 0.236520 0.013258
1 0.253676 0.123106 0.022059 0.017045
1 0.253676 0.140152 0.022059 0.015152
1 0.253064 0.197917 0.020833 0.015152
1 0.253064 0.214489 0.020833 0.014205
1 0.252451 0.282670 0.017157 0.016098
1 0.253676 0.299242 0.019608 0.013258
1 0.253676 0.532670 0.022059 0.014205
1 0.253064 0.548295 0.020833 0.015152
1 0.302696 0.564394 0.022059 0.015152
1 0.302696 0.580966 0.022059 0.014205
1 0.275735 0.870265 0.022059 0.018939
1 0.275123 0.890152 0.020833 0.018939
0 0.764706 0.137784 0.328431 0.014205
0 0.614583 0.165720 0.626225 0.013258
0 0.767157 0.214015 0.333333 0.013258
0 0.615196 0.241004 0.627451 0.014205
0 0.614583 0.350379 0.626225 0.015152
0 0.613971 0.378788 0.625000 0.013258
3 0.447304 0.477273 0.262255 0.022727
3 0.765931 0.478693 0.264706 0.023674
3 0.479167 0.739583 0.443627 0.020833
0 0.810049 0.741951 0.112745 0.016098
0 0.474877 0.792614 0.439951 0.018939
