0 0.324142 0.123106 0.212010 0.020833
0 0.666667 0.123106 0.225490 0.018939
0 0.250613 0.156250 0.234069 0.017045
0 0.231005 0.187973 0.278186 0.016098
0 0.231005 0.232955 0.273284 0.018939
0 0.227328 0.280303 0.273284 0.017045
0 0.656250 0.153409 0.167892 0.024621
0 0.651348 0.185606 0.175245 0.017045
0 0.676471 0.215436 0.127451 0.021780
0 0.554534 0.438920 0.390931 0.042614
0 0.689951 0.539773 0.318627 0.039773
0 0.691176 0.631155 0.365196 0.042614
0 0.259804 0.882576 0.115196 0.022727
0 0.515931 0.883523 0.186275 0.022727
3 0.481005 0.852746 0.177696 0.017992
