1 0.107230 0.204545 0.018382 0.015152
1 0.107230 0.226799 0.018382 0.016098
1 0.106618 0.249527 0.017157 0.014205
0 0.534314 0.268466 0.816176 0.025568
0 0.401961 0.298769 0.080882 0.025568
0 0.274510 0.435133 0.355392 0.025568
0 0.593137 0.434659 0.267157 0.022727
0 0.838235 0.436080 0.208333 0.023674
0 0.278799 0.518466 0.363971 0.023674
0 0.598039 0.518466 0.276961 0.025568
0 0.838235 0.518466 0.208333 0.025568
0 0.278799 0.541667 0.363971 0.022727
0 0.597426 0.541667 0.275735 0.024621
0 0.838848 0.541193 0.207108 0.025568
0 0.407475 0.571496 0.207108 0.023674
1 0.351103 0.597538 0.018382 0.013258
1 0.419730 0.598011 0.018382 0.016098
0 0.382966 0.654830 0.216912 0.025568
0 0.764706 0.654356 0.218137 0.024621
0 0.602941 0.684659 0.678922 0.024621
0 0.578431 0.714962 0.218137 0.024621
1 0.351716 0.741477 0.017157 0.015152
1 0.419730 0.741951 0.020833 0.014205
0 0.250000 0.798769 0.208333 0.025568
0 0.514706 0.859375 0.835784 0.023674
