0 0.364583 0.141572 0.165441 0.017992
0 0.640931 0.142519 0.159314 0.016098
0 0.343137 0.187973 0.355392 0.017992
0 0.776961 0.187973 0.232843 0.016098
0 0.776348 0.216856 0.234069 0.017045
0 0.316176 0.307292 0.340686 0.017992
0 0.681373 0.307292 0.306373 0.017992
0 0.316789 0.332860 0.341912 0.017992
0 0.680760 0.333333 0.307598 0.017045
0 0.328431 0.457860 0.318627 0.017992
3 0.743260 0.496686 0.297794 0.017992
0 0.743873 0.522727 0.299020 0.017045
0 0.744485 0.549242 0.297794 0.017045
0 0.743260 0.575758 0.297794 0.015152
0 0.743873 0.602273 0.296569 0.015152
0 0.692402 0.642992 0.397059 0.017045
0 0.712010 0.672822 0.350490 0.016098
0 0.346814 0.688447 0.384804 0.015152
0 0.710784 0.730114 0.348039 0.017045
0 0.346201 0.744318 0.383578 0.015152
0 0.820466 0.745739 0.170343 0.012311
0 0.705882 0.812027 0.375000 0.016098
0 0.705270 0.839015 0.371324 0.015152
