2 0.529412 0.065814 0.031863 0.012311
2 0.573529 0.066288 0.031863 0.013258
2 0.617034 0.065814 0.030637 0.012311
2 0.661765 0.065814 0.031863 0.014205
2 0.705270 0.066288 0.033088 0.013258
2 0.749387 0.065814 0.033088 0.014205
2 0.794118 0.066288 0.031863 0.013258
2 0.838235 0.066288 0.031863 0.013258
2 0.882353 0.066288 0.031863 0.013258
2 0.926471 0.066288 0.031863 0.013258
2 0.528186 0.081439 0.031863 0.013258
2 0.572304 0.083333 0.034314 0.013258
2 0.617647 0.083333 0.031863 0.013258
2 0.660539 0.083333 0.031863 0.013258
2 0.705882 0.083333 0.031863 0.013258
2 0.750000 0.083333 0.031863 0.013258
2 0.794118 0.083333 0.031863 0.013258
2 0.837010 0.083333 0.031863 0.013258
2 0.881740 0.083333 0.030637 0.013258
2 0.926471 0.083333 0.031863 0.013258
2 0.573529 0.099905 0.031863 0.014205
2 0.617034 0.100379 0.030637 0.013258
2 0.661152 0.099905 0.030637 0.014205
2 0.705270 0.100379 0.030637 0.013258
2 0.750000 0.100379 0.031863 0.013258
2 0.794730 0.100379 0.030637 0.015152
2 0.837010 0.100379 0.031863 0.013258
2 0.882353 0.099905 0.031863 0.014205
2 0.925245 0.100379 0.031863 0.013258
2 0.573529 0.117898 0.031863 0.012311
2 0.616422 0.117424 0.031863 0.013258
2 0.661152 0.116951 0.033088 0.014205
2 0.706495 0.116951 0.030637 0.014205
2 0.750000 0.117898 0.031863 0.012311
2 0.793505 0.117424 0.033088 0.013258
2 0.837623 0.117424 0.030637 0.013258
2 0.882353 0.117424 0.031863 0.013258
2 0.925858 0.117898 0.030637 0.012311
2 0.572917 0.134470 0.030637 0.013258
2 0.617034 0.134470 0.030637 0.013258
2 0.661765 0.134470 0.031863 0.011364
2 0.705270 0.134470 0.030637 0.013258
2 0.750000 0.134470 0.031863 0.013258
2 0.794118 0.133996 0.031863 0.012311
2 0.837623 0.133996 0.030637 0.012311
2 0.881740 0.134470 0.030637 0.013258
2 0.925858 0.134470 0.030637 0.013258
2 0.573529 0.151989 0.031863 0.014205
2 0.617034 0.151042 0.030637 0.014205
2 0.661765 0.151042 0.031863 0.012311
2 0.705882 0.151515 0.031863 0.013258
2 0.749387 0.151042 0.030637 0.012311
2 0.793505 0.151989 0.033088 0.012311
2 0.837623 0.151042 0.030637 0.012311
2 0.881740 0.151515 0.030637 0.013258
2 0.925858 0.151515 0.030637 0.011364
2 0.573529 0.168087 0.031863 0.012311
2 0.617647 0.168561 0.031863 0.013258
2 0.661765 0.168087 0.031863 0.014205
2 0.705882 0.168561 0.029412 0.013258
2 0.750000 0.168561 0.031863 0.013258
2 0.793505 0.168561 0.030637 0.013258
2 0.838235 0.168561 0.029412 0.013258
2 0.882966 0.168561 0.030637 0.013258
2 0.926471 0.168561 0.029412 0.013258
2 0.572917 0.185606 0.033088 0.013258
2 0.617034 0.185133 0.030637 0.014205
2 0.661152 0.185606 0.030637 0.013258
2 0.705882 0.185606 0.031863 0.013258
2 0.749387 0.185606 0.030637 0.013258
2 0.793505 0.185606 0.033088 0.013258
2 0.837623 0.185606 0.033088 0.013258
2 0.881740 0.186080 0.030637 0.012311
2 0.925245 0.185133 0.031863 0.014205
2 0.573529 0.202652 0.031863 0.013258
2 0.617647 0.202652 0.031863 0.013258
2 0.661765 0.202652 0.029412 0.013258
2 0.705882 0.202652 0.031863 0.013258
2 0.749387 0.202652 0.033088 0.013258
2 0.794118 0.202652 0.031863 0.013258
2 0.838848 0.202178 0.030637 0.014205
2 0.882353 0.202178 0.031863 0.014205
2 0.925245 0.202178 0.031863 0.014205
2 0.572304 0.220170 0.031863 0.012311
2 0.617034 0.220170 0.030637 0.012311
2 0.661152 0.219223 0.030637 0.014205
2 0.705270 0.219697 0.030637 0.013258
2 0.749387 0.220170 0.030637 0.012311
2 0.793505 0.219697 0.030637 0.011364
2 0.837623 0.219697 0.028186 0.011364
2 0.882353 0.219697 0.031863 0.013258
2 0.925858 0.219697 0.030637 0.015152
0 0.626225 0.266572 0.232843 0.031250
0 0.849265 0.279356 0.188725 0.011364
0 0.626225 0.305871 0.230392 0.009470
0 0.849265 0.305871 0.188725 0.009470
2 0.792892 0.251894 0.031863 0.013258
2 0.838848 0.251420 0.030637 0.014205
2 0.881127 0.251894 0.031863 0.013258
2 0.925858 0.251894 0.030637 0.013258
2 0.061887 0.395833 0.023284 0.013258
2 0.172181 0.395360 0.025735 0.012311
0 0.089461 0.439394 0.088235 0.024621
0 0.190564 0.439394 0.060049 0.024621
0 0.278186 0.439394 0.061275 0.024621
2 0.062500 0.462595 0.024510 0.014205
2 0.061887 0.478693 0.025735 0.014205
2 0.061887 0.496212 0.025735 0.011364
2 0.062500 0.512784 0.024510 0.012311
2 0.061887 0.529356 0.023284 0.013258
2 0.061275 0.547348 0.024510 0.013258
2 0.061887 0.564394 0.025735 0.013258
2 0.062500 0.581439 0.024510 0.013258
2 0.062500 0.598485 0.024510 0.013258
2 0.061887 0.615057 0.023284 0.012311
2 0.061887 0.631629 0.023284 0.013258
2 0.061887 0.649621 0.023284 0.013258
2 0.171569 0.462121 0.024510 0.013258
2 0.208946 0.461648 0.025735 0.014205
2 0.172181 0.479167 0.023284 0.015152
2 0.172181 0.495739 0.023284 0.014205
2 0.172794 0.513258 0.024510 0.013258
2 0.208946 0.479167 0.023284 0.013258
2 0.208946 0.495265 0.023284 0.013258
2 0.208333 0.513731 0.024510 0.014205
2 0.208946 0.530303 0.025735 0.013258
2 0.208333 0.547348 0.026961 0.013258
2 0.208946 0.564394 0.025735 0.013258
2 0.208946 0.581439 0.025735 0.013258
2 0.209559 0.598958 0.024510 0.012311
2 0.208946 0.615530 0.025735 0.013258
2 0.261029 0.461648 0.024510 0.014205
2 0.297181 0.462121 0.025735 0.013258
2 0.260417 0.479167 0.025735 0.013258
2 0.296569 0.479167 0.024510 0.013258
2 0.260417 0.496212 0.025735 0.013258
2 0.295956 0.496212 0.025735 0.013258
2 0.260417 0.513258 0.025735 0.013258
2 0.295956 0.513731 0.025735 0.012311
2 0.259804 0.529830 0.026961 0.012311
2 0.297181 0.529830 0.025735 0.012311
2 0.260417 0.547348 0.025735 0.013258
2 0.297794 0.546875 0.024510 0.014205
2 0.261029 0.563920 0.024510 0.014205
2 0.296569 0.563920 0.024510 0.012311
2 0.260417 0.581913 0.025735 0.012311
2 0.297794 0.580966 0.024510 0.012311
2 0.260417 0.598958 0.025735 0.012311
2 0.297181 0.598485 0.025735 0.013258
2 0.259191 0.615530 0.023284 0.013258
2 0.296569 0.615530 0.024510 0.013258
0 0.574142 0.439394 0.265931 0.022727
2 0.488971 0.461648 0.024510 0.014205
2 0.458946 0.462121 0.025735 0.013258
2 0.518382 0.461648 0.024510 0.014205
2 0.547794 0.462121 0.024510 0.013258
2 0.575980 0.462121 0.024510 0.013258
2 0.606005 0.461648 0.023284 0.014205
2 0.636029 0.461648 0.024510 0.014205
2 0.664828 0.461174 0.023284 0.015152
2 0.694240 0.462121 0.023284 0.013258
2 0.457721 0.479167 0.023284 0.013258
2 0.488358 0.478693 0.028186 0.012311
2 0.518382 0.478693 0.024510 0.014205
2 0.547181 0.479167 0.025735 0.013258
2 0.576593 0.479167 0.023284 0.013258
2 0.605392 0.479167 0.022059 0.015152
2 0.634804 0.478693 0.024510 0.014205
2 0.664828 0.479167 0.023284 0.015152
2 0.694240 0.479167 0.023284 0.013258
2 0.458946 0.495739 0.025735 0.014205
2 0.488358 0.495739 0.023284 0.014205
2 0.517157 0.496212 0.024510 0.015152
2 0.547181 0.496212 0.025735 0.015152
2 0.577206 0.495739 0.024510 0.014205
2 0.606005 0.495739 0.023284 0.014205
2 0.636029 0.496686 0.024510 0.014205
2 0.664828 0.496212 0.025735 0.015152
2 0.694853 0.496686 0.024510 0.012311
2 0.459559 0.513258 0.024510 0.013258
2 0.489583 0.513258 0.025735 0.013258
2 0.517157 0.513258 0.024510 0.013258
2 0.547181 0.513731 0.023284 0.012311
2 0.577206 0.513731 0.024510 0.012311
2 0.606618 0.513258 0.024510 0.013258
2 0.635417 0.513731 0.023284 0.012311
2 0.665441 0.513258 0.022059 0.011364
2 0.694240 0.512784 0.023284 0.012311
2 0.459559 0.530303 0.024510 0.013258
2 0.488971 0.530303 0.024510 0.013258
2 0.518382 0.530303 0.024510 0.015152
2 0.547794 0.530303 0.024510 0.013258
2 0.576593 0.530303 0.023284 0.013258
2 0.606005 0.529830 0.023284 0.014205
2 0.636029 0.529830 0.024510 0.012311
2 0.664828 0.530303 0.023284 0.015152
2 0.693627 0.530303 0.022059 0.013258
2 0.459559 0.547348 0.024510 0.013258
2 0.488971 0.547348 0.024510 0.013258
2 0.517157 0.547348 0.024510 0.013258
2 0.547794 0.547348 0.024510 0.015152
2 0.577206 0.546875 0.024510 0.014205
2 0.606618 0.547348 0.024510 0.013258
2 0.635417 0.547348 0.025735 0.013258
2 0.664216 0.547822 0.024510 0.012311
2 0.694853 0.547348 0.024510 0.013258
2 0.458946 0.563920 0.025735 0.014205
2 0.488971 0.564394 0.024510 0.013258
2 0.517770 0.564394 0.025735 0.013258
2 0.547181 0.564867 0.025735 0.014205
2 0.576593 0.565341 0.023284 0.013258
2 0.606005 0.564394 0.025735 0.013258
2 0.634804 0.564867 0.024510 0.014205
2 0.665441 0.563920 0.024510 0.014205
2 0.694240 0.563920 0.023284 0.014205
2 0.459559 0.581439 0.024510 0.013258
2 0.487745 0.581439 0.026961 0.013258
2 0.518382 0.580966 0.024510 0.014205
2 0.547181 0.581913 0.025735 0.014205
2 0.576593 0.580966 0.025735 0.014205
2 0.606618 0.581439 0.026961 0.013258
2 0.634804 0.581439 0.024510 0.013258
2 0.664216 0.581439 0.024510 0.013258
2 0.693627 0.581439 0.024510 0.013258
2 0.459559 0.598011 0.024510 0.014205
2 0.487745 0.598485 0.026961 0.013258
2 0.518382 0.598485 0.026961 0.013258
2 0.547794 0.598485 0.024510 0.015152
2 0.576593 0.598011 0.023284 0.012311
2 0.606005 0.598485 0.025735 0.013258
2 0.635417 0.598485 0.025735 0.013258
2 0.665441 0.598485 0.024510 0.015152
2 0.693015 0.598011 0.023284 0.014205
2 0.458333 0.615057 0.024510 0.014205
2 0.489583 0.615057 0.023284 0.014205
2 0.517770 0.615530 0.025735 0.013258
2 0.547794 0.615530 0.024510 0.013258
2 0.577206 0.615530 0.024510 0.013258
2 0.605392 0.615057 0.022059 0.014205
2 0.635417 0.615530 0.023284 0.013258
2 0.664828 0.615530 0.025735 0.013258
2 0.694240 0.615530 0.025735 0.013258
2 0.738358 0.395833 0.025735 0.013258
2 0.818627 0.395833 0.024510 0.015152
0 0.764706 0.439394 0.090686 0.022727
0 0.867034 0.439394 0.060049 0.022727
2 0.738358 0.462121 0.025735 0.013258
2 0.738358 0.479167 0.023284 0.015152
2 0.737745 0.495739 0.024510 0.014205
2 0.738358 0.512784 0.025735 0.012311
2 0.738358 0.529830 0.023284 0.012311
2 0.737745 0.546875 0.024510 0.012311
2 0.738358 0.564394 0.023284 0.011364
2 0.738358 0.580966 0.025735 0.012311
2 0.737745 0.598011 0.024510 0.014205
2 0.737745 0.615530 0.024510 0.013258
2 0.738358 0.632576 0.025735 0.013258
2 0.738358 0.650095 0.025735 0.012311
2 0.849265 0.462121 0.024510 0.013258
2 0.885417 0.462121 0.025735 0.013258
2 0.849265 0.479167 0.024510 0.013258
2 0.885417 0.479167 0.025735 0.013258
2 0.848652 0.496212 0.023284 0.013258
2 0.885417 0.496212 0.025735 0.013258
2 0.848652 0.512311 0.025735 0.013258
2 0.886029 0.513258 0.022059 0.013258
2 0.848652 0.530303 0.023284 0.011364
2 0.886029 0.530303 0.024510 0.013258
2 0.848039 0.547348 0.024510 0.013258
2 0.886029 0.546875 0.024510 0.014205
2 0.848039 0.564394 0.026961 0.013258
2 0.886029 0.564394 0.024510 0.013258
2 0.849265 0.580966 0.024510 0.014205
2 0.885417 0.580966 0.025735 0.014205
2 0.849265 0.598485 0.024510 0.013258
2 0.885417 0.598958 0.023284 0.012311
2 0.849265 0.615530 0.024510 0.013258
2 0.886642 0.616004 0.023284 0.012311
2 0.061887 0.695549 0.025735 0.012311
2 0.378064 0.694602 0.023284 0.012311
0 0.088235 0.733428 0.090686 0.025568
0 0.189951 0.732481 0.058824 0.021780
2 0.062500 0.755682 0.024510 0.013258
2 0.061887 0.772727 0.025735 0.011364
2 0.061275 0.789299 0.024510 0.012311
2 0.062500 0.806818 0.024510 0.011364
2 0.062500 0.824337 0.024510 0.012311
2 0.061887 0.840909 0.023284 0.013258
2 0.061275 0.857955 0.024510 0.013258
2 0.061275 0.875000 0.024510 0.013258
2 0.061275 0.892045 0.024510 0.011364
2 0.061275 0.908617 0.024510 0.012311
2 0.061887 0.926136 0.023284 0.011364
2 0.061275 0.943655 0.024510 0.012311
2 0.172181 0.755682 0.025735 0.013258
2 0.172181 0.772727 0.023284 0.013258
2 0.172181 0.789299 0.023284 0.012311
2 0.172794 0.806818 0.024510 0.013258
2 0.172181 0.823864 0.023284 0.013258
2 0.171569 0.840909 0.024510 0.013258
2 0.171569 0.857955 0.024510 0.013258
2 0.172181 0.875000 0.025735 0.015152
2 0.172181 0.892045 0.025735 0.011364
2 0.172794 0.909091 0.024510 0.013258
2 0.208333 0.755208 0.026961 0.014205
2 0.208333 0.772254 0.026961 0.014205
2 0.208946 0.789773 0.025735 0.011364
2 0.208946 0.806818 0.023284 0.011364
2 0.208946 0.823390 0.025735 0.012311
2 0.208946 0.840909 0.023284 0.013258
2 0.208946 0.857955 0.025735 0.013258
2 0.208946 0.875000 0.025735 0.013258
2 0.208946 0.892045 0.025735 0.013258
2 0.208333 0.909091 0.024510 0.011364
0 0.634191 0.725852 0.116422 0.014205
0 0.488971 0.944129 0.061275 0.015152
0 0.610294 0.943655 0.159314 0.014205
2 0.738971 0.706913 0.022059 0.012311
2 0.848039 0.705966 0.024510 0.012311
