0 0.337010 0.199811 0.286765 0.024621
0 0.337623 0.231061 0.285539 0.024621
0 0.337623 0.261364 0.285539 0.024621
0 0.140319 0.312973 0.089461 0.023674
0 0.290441 0.313920 0.090686 0.023674
0 0.435662 0.313920 0.089461 0.023674
0 0.141544 0.557292 0.087010 0.023674
0 0.291667 0.557292 0.090686 0.023674
0 0.435662 0.557292 0.089461 0.023674
0 0.601103 0.094223 0.089461 0.023674
0 0.751838 0.094223 0.089461 0.023674
0 0.897059 0.094223 0.090686 0.023674
0 0.601716 0.336648 0.090686 0.023674
0 0.750613 0.336648 0.089461 0.023674
0 0.897059 0.336174 0.090686 0.022727
0 0.601103 0.577652 0.091912 0.024621
0 0.750613 0.578598 0.089461 0.024621
0 0.897059 0.578598 0.090686 0.022727
