0 0.313725 0.060133 0.350490 0.021780
0 0.819853 0.060606 0.237745 0.020833
0 0.280025 0.155777 0.395833 0.023674
0 0.226716 0.196496 0.115196 0.017992
0 0.278799 0.275095 0.393382 0.021780
0 0.278186 0.309659 0.394608 0.018939
0 0.278186 0.388258 0.397059 0.020833
0 0.280025 0.424242 0.398284 0.024621
0 0.278186 0.590436 0.397059 0.019886
0 0.279412 0.743845 0.397059 0.019886
0 0.278186 0.823390 0.397059 0.019886
0 0.281863 0.861269 0.397059 0.019886
0 0.278186 0.895360 0.397059 0.019886
0 0.221814 0.630208 0.107843 0.016098
3 0.279412 0.114583 0.392157 0.026515
3 0.279412 0.549242 0.392157 0.026515
3 0.718137 0.549242 0.392157 0.026515
3 0.719363 0.114583 0.392157 0.026515
0 0.726103 0.155303 0.408088 0.024621
0 0.726103 0.190341 0.408088 0.024621
0 0.728554 0.229167 0.408088 0.024621
0 0.726103 0.263258 0.408088 0.024621
0 0.664216 0.300663 0.110294 0.021780
0 0.662990 0.336648 0.110294 0.017992
0 0.848039 0.336648 0.176471 0.017992
0 0.724877 0.589962 0.408088 0.020833
0 0.723652 0.625000 0.408088 0.020833
0 0.727328 0.663826 0.408088 0.020833
0 0.724877 0.697917 0.408088 0.020833
0 0.663603 0.733428 0.109069 0.021780
0 0.663603 0.767992 0.109069 0.022727
0 0.848039 0.767992 0.176471 0.022727
