0 0.505515 0.157670 0.265931 0.025568
0 0.630515 0.234848 0.366422 0.022727
0 0.630515 0.267992 0.368873 0.024621
0 0.630515 0.302557 0.366422 0.023674
0 0.630515 0.333333 0.373775 0.024621
0 0.625000 0.367898 0.365196 0.025568
0 0.627451 0.400095 0.372549 0.021780
0 0.628064 0.431818 0.366422 0.026515
0 0.627451 0.531723 0.367647 0.023674
0 0.627451 0.463068 0.377451 0.028409
0 0.628676 0.496686 0.372549 0.025568
0 0.630515 0.562027 0.381127 0.019886
0 0.265319 0.682292 0.089461 0.019886
0 0.750613 0.656723 0.180147 0.014205
0 0.769608 0.674242 0.149510 0.017045
3 0.778799 0.632576 0.121324 0.030303
