1 0.099877 0.181345 0.018382 0.014205
1 0.099877 0.234375 0.020833 0.016098
1 0.128676 0.265152 0.017157 0.015152
1 0.217525 0.264678 0.018382 0.016098
1 0.568015 0.227273 0.018382 0.015152
1 0.569240 0.279830 0.018382 0.014205
1 0.568627 0.385890 0.017157 0.014205
3 0.289216 0.609375 0.384804 0.025568
0 0.411765 0.638731 0.139706 0.023674
0 0.760417 0.329072 0.346814 0.023674
0 0.761029 0.404830 0.345588 0.025568
0 0.750000 0.518466 0.384804 0.025568
0 0.750613 0.563920 0.386029 0.025568
0 0.750613 0.608902 0.383578 0.024621
