0 0.254289 0.139678 0.317402 0.025568
0 0.602941 0.139205 0.269608 0.026515
0 0.275735 0.185606 0.281863 0.026515
0 0.613358 0.186080 0.248775 0.027462
0 0.254289 0.231061 0.319853 0.028409
0 0.916667 0.329545 0.053922 0.026515
0 0.916667 0.359848 0.051471 0.026515
0 0.916667 0.389678 0.053922 0.025568
0 0.917279 0.428030 0.052696 0.028409
0 0.916667 0.480587 0.056373 0.027462
0 0.916054 0.518939 0.052696 0.026515
0 0.287377 0.716383 0.381127 0.027462
0 0.713848 0.715436 0.459559 0.027462
0 0.878676 0.745739 0.132353 0.027462
0 0.400735 0.745265 0.154412 0.026515
0 0.279412 0.912879 0.093137 0.070076
0 0.416667 0.912405 0.132353 0.072917
1 0.110294 0.624053 0.022059 0.017045
1 0.110294 0.647727 0.022059 0.017045
1 0.826593 0.798769 0.020833 0.019886
1 0.894608 0.798769 0.022059 0.017992
