0 0.338588 0.106952 0.291299 0.023173
0 0.337327 0.132799 0.288777 0.024955
0 0.338588 0.159537 0.291299 0.023173
0 0.266709 0.194742 0.142497 0.020499
0 0.337957 0.221480 0.290038 0.024064
0 0.338588 0.246881 0.288777 0.021390
0 0.337327 0.338681 0.288777 0.023173
0 0.338588 0.380570 0.288777 0.023173
0 0.336696 0.408200 0.290038 0.023173
0 0.336696 0.432264 0.287516 0.023173
0 0.336696 0.483957 0.290038 0.024955
0 0.337327 0.510250 0.288777 0.024064
0 0.336696 0.536988 0.290038 0.024064
0 0.264817 0.572193 0.146280 0.023173
0 0.336696 0.597148 0.290038 0.021390
0 0.337957 0.623440 0.290038 0.024064
0 0.337957 0.716132 0.287516 0.024064
0 0.336696 0.758913 0.287516 0.022282
0 0.338588 0.785651 0.291299 0.022282
0 0.336696 0.810606 0.287516 0.024064
0 0.818411 0.108289 0.290038 0.024064
0 0.818411 0.132353 0.290038 0.022282
0 0.819042 0.159091 0.288777 0.024064
0 0.746532 0.195633 0.146280 0.024064
0 0.818411 0.221480 0.290038 0.024064
0 0.818411 0.246435 0.287516 0.024064
0 0.818411 0.340018 0.287516 0.024064
0 0.820303 0.381907 0.288777 0.020499
0 0.819042 0.407308 0.288777 0.023173
0 0.818411 0.433601 0.290038 0.024064
0 0.818411 0.486185 0.287516 0.024064
0 0.817781 0.511141 0.288777 0.024064
0 0.818411 0.537433 0.290038 0.024955
0 0.748424 0.573529 0.147541 0.024064
0 0.818411 0.599376 0.290038 0.024064
0 0.819042 0.625223 0.288777 0.024064
0 0.819042 0.717469 0.288777 0.023173
0 0.818411 0.759804 0.290038 0.022282
0 0.819042 0.785205 0.288777 0.021390
0 0.818411 0.812389 0.290038 0.024064
