0 0.375613 0.059186 0.422794 0.016098
0 0.375613 0.085701 0.408088 0.014205
0 0.378064 0.117424 0.160539 0.013258
0 0.547181 0.117424 0.074755 0.013258
0 0.310049 0.140625 0.276961 0.014205
0 0.393382 0.372159 0.313725 0.017045
0 0.787990 0.380682 0.115196 0.013258
0 0.639706 0.401515 0.144608 0.018939
0 0.463235 0.433239 0.306373 0.016098
0 0.463848 0.466383 0.305147 0.016098
0 0.465074 0.491004 0.305147 0.016098
0 0.862745 0.595644 0.083333 0.017045
0 0.862132 0.621686 0.082108 0.016098
0 0.862132 0.646307 0.082108 0.016098
0 0.862745 0.671875 0.080882 0.016098
0 0.863358 0.697443 0.082108 0.016098
0 0.863358 0.719697 0.082108 0.015152
0 0.863358 0.748580 0.082108 0.016098
1 0.104779 0.849432 0.015931 0.013258
1 0.104167 0.919034 0.014706 0.012311
0 0.463848 0.887784 0.104167 0.014205
0 0.862745 0.869318 0.083333 0.015152
