0 0.352328 0.092803 0.408088 0.011364
0 0.353554 0.116951 0.410539 0.014205
0 0.310662 0.148201 0.072304 0.012311
0 0.446691 0.147727 0.074755 0.013258
0 0.285539 0.169508 0.272059 0.015152
0 0.450980 0.526989 0.105392 0.019886
0 0.450980 0.571970 0.107843 0.020833
0 0.450368 0.606061 0.104167 0.020833
0 0.449755 0.636837 0.105392 0.021780
0 0.455270 0.672348 0.116422 0.018939
0 0.786765 0.532670 0.120098 0.019886
0 0.787377 0.573390 0.116422 0.019886
0 0.788603 0.602746 0.116422 0.016098
0 0.786765 0.634470 0.115196 0.013258
1 0.396446 0.390625 0.011029 0.008523
1 0.397059 0.410038 0.012255 0.009470
1 0.397059 0.428977 0.012255 0.007576
1 0.397059 0.447917 0.012255 0.007576
1 0.551471 0.519413 0.012255 0.008523
1 0.552083 0.545928 0.013480 0.010417
1 0.829044 0.197917 0.018382 0.013258
3 0.202819 0.885890 0.241422 0.019886
3 0.479779 0.885890 0.253676 0.019886
3 0.795956 0.885890 0.283088 0.019886
0 0.751225 0.927083 0.107843 0.015152
0 0.454657 0.926610 0.102941 0.016098
0 0.178922 0.926610 0.107843 0.016098
