0 0.222538 0.173407 0.126894 0.018382
0 0.221117 0.197304 0.127841 0.019608
0 0.221591 0.232843 0.126894 0.022059
0 0.206439 0.267157 0.087121 0.024510
0 0.223485 0.302083 0.128788 0.025735
0 0.223011 0.332108 0.127841 0.024510
0 0.223485 0.371324 0.125000 0.026961
0 0.472538 0.171569 0.064394 0.017157
0 0.473011 0.194853 0.065341 0.022059
0 0.474432 0.231618 0.066288 0.026961
0 0.473011 0.275123 0.063447 0.025735
0 0.475852 0.300245 0.055871 0.019608
0 0.476326 0.332108 0.081439 0.031863
0 0.712595 0.171569 0.076705 0.019608
0 0.713542 0.194853 0.076705 0.017157
0 0.713542 0.219363 0.076705 0.019608
0 0.710227 0.274510 0.073864 0.024510
0 0.711648 0.302083 0.074811 0.020833
0 0.717330 0.329657 0.069129 0.022059
0 0.714962 0.366422 0.098485 0.041667
0 0.924242 0.170956 0.085227 0.018382
0 0.925189 0.197917 0.085227 0.018382
0 0.924242 0.230392 0.085227 0.022059
0 0.928977 0.270221 0.102273 0.047794
