0 0.235294 0.185133 0.357843 0.025568
0 0.563725 0.184659 0.267157 0.026515
0 0.828431 0.185133 0.227941 0.025568
0 0.166054 0.230587 0.219363 0.025568
0 0.445466 0.230587 0.229167 0.025568
0 0.347426 0.344223 0.582108 0.025568
1 0.666054 0.343277 0.020833 0.017992
1 0.696078 0.344223 0.019608 0.017992
1 0.726103 0.344223 0.020833 0.017992
1 0.666054 0.464962 0.020833 0.017045
1 0.695466 0.465436 0.018382 0.016098
1 0.725490 0.465436 0.019608 0.016098
1 0.666054 0.586648 0.018382 0.017992
1 0.695466 0.586648 0.018382 0.016098
1 0.725490 0.586174 0.019608 0.017045
0 0.848652 0.344697 0.189951 0.026515
0 0.346814 0.389678 0.580882 0.025568
0 0.848652 0.389678 0.189951 0.025568
0 0.347426 0.465436 0.582108 0.025568
0 0.848039 0.465436 0.188725 0.023674
0 0.348039 0.510890 0.583333 0.027462
0 0.696078 0.511364 0.080882 0.026515
0 0.848039 0.511364 0.188725 0.026515
0 0.696691 0.389678 0.082108 0.027462
0 0.347426 0.586648 0.579657 0.025568
0 0.848039 0.586648 0.188725 0.025568
0 0.348039 0.631629 0.580882 0.022727
0 0.696691 0.632102 0.082108 0.025568
0 0.848039 0.632102 0.188725 0.025568
3 0.381740 0.723011 0.648284 0.025568
0 0.832108 0.723011 0.218137 0.023674
