1 0.109079 0.053922 0.021438 0.015152
1 0.107818 0.073084 0.021438 0.016043
1 0.107818 0.262032 0.018916 0.016043
1 0.107818 0.281194 0.021438 0.013369
0 0.334805 0.343583 0.283733 0.020499
0 0.317781 0.387255 0.317781 0.020499
0 0.319042 0.411765 0.317781 0.019608
0 0.273644 0.455437 0.403531 0.019608
1 0.171501 0.481729 0.022699 0.016934
1 0.276166 0.483512 0.022699 0.015152
1 0.466583 0.481729 0.022699 0.013369
0 0.232030 0.519608 0.148802 0.019608
0 0.317781 0.561943 0.317781 0.020499
0 0.317781 0.586007 0.317781 0.020499
0 0.319042 0.610071 0.317781 0.020499
0 0.368222 0.638592 0.219420 0.020499
1 0.107818 0.748217 0.021438 0.013369
1 0.107818 0.766934 0.023960 0.013369
1 0.107818 0.811052 0.023960 0.016043
1 0.107818 0.828877 0.023960 0.016043
0 0.810214 0.344474 0.283733 0.020499
0 0.793190 0.387701 0.317781 0.019608
0 0.795712 0.413993 0.317781 0.020499
0 0.749054 0.452763 0.403531 0.021390
1 0.648172 0.481729 0.020177 0.013369
1 0.754098 0.481729 0.025221 0.013369
1 0.940731 0.481729 0.022699 0.016934
0 0.711854 0.519608 0.147541 0.019608
0 0.794451 0.562834 0.317781 0.020499
0 0.793190 0.587790 0.317781 0.020499
0 0.794451 0.610071 0.317781 0.020499
0 0.841740 0.638592 0.218159 0.020499
1 0.585750 0.749109 0.023960 0.015152
1 0.585750 0.766488 0.023960 0.016043
1 0.585750 0.811052 0.023960 0.016043
1 0.584489 0.828877 0.021438 0.016043
