0 0.319042 0.194296 0.317781 0.017825
0 0.319042 0.218360 0.317781 0.019608
0 0.317781 0.243316 0.317781 0.019608
1 0.109079 0.323529 0.021438 0.016043
1 0.107818 0.344920 0.021438 0.014260
1 0.107818 0.537433 0.021438 0.016043
1 0.106557 0.556595 0.021438 0.016934
0 0.319042 0.581551 0.317781 0.020499
1 0.107818 0.633690 0.023960 0.016043
1 0.107818 0.651515 0.021438 0.016043
0 0.400378 0.663102 0.147541 0.019608
1 0.107818 0.713458 0.021438 0.013369
1 0.107818 0.733512 0.021438 0.016043
0 0.305170 0.751337 0.335435 0.019608
1 0.107818 0.817291 0.023960 0.016043
1 0.107818 0.836898 0.021438 0.016043
1 0.585750 0.054813 0.023960 0.016934
1 0.587011 0.072193 0.023960 0.016043
0 0.836066 0.095811 0.237074 0.020499
1 0.727617 0.119430 0.022699 0.016043
1 0.827238 0.120321 0.022699 0.014260
0 0.745902 0.151515 0.150063 0.019608
0 0.745902 0.174688 0.147541 0.019608
0 0.836066 0.213904 0.237074 0.019608
1 0.728878 0.234848 0.022699 0.013369
1 0.827238 0.234848 0.022699 0.013369
0 0.745902 0.266934 0.150063 0.020499
0 0.745902 0.290107 0.150063 0.018717
0 0.836066 0.330214 0.234552 0.020499
1 0.730139 0.352496 0.022699 0.015152
1 0.827238 0.351604 0.022699 0.016934
0 0.742749 0.383690 0.148802 0.020499
0 0.744010 0.408200 0.148802 0.019608
0 0.752207 0.555704 0.404792 0.020499
0 0.819042 0.609626 0.271122 0.019608
0 0.819042 0.633690 0.268600 0.019608
1 0.766709 0.657308 0.020177 0.016934
1 0.867591 0.655526 0.022699 0.016934
1 0.940731 0.655526 0.022699 0.013369
0 0.755359 0.715241 0.146280 0.018717
0 0.756620 0.690731 0.151324 0.019608
1 0.585750 0.824421 0.021438 0.016043
1 0.584489 0.841800 0.023960 0.016934
0 0.783102 0.860517 0.337957 0.020499
