0 0.329861 0.268382 0.306944 0.022059
0 0.759722 0.269608 0.383333 0.022059
0 0.295139 0.302696 0.376389 0.019608
0 0.831944 0.302083 0.236111 0.023284
0 0.306944 0.334559 0.347222 0.022059
0 0.733333 0.333333 0.436111 0.022059
0 0.265278 0.366422 0.433333 0.022059
0 0.731944 0.366422 0.436111 0.022059
0 0.265278 0.400123 0.436111 0.023284
0 0.731944 0.398897 0.438889 0.025735
0 0.298611 0.433211 0.366667 0.023284
0 0.797222 0.432598 0.305556 0.024510
0 0.570139 0.503064 0.759722 0.020833
1 0.059722 0.586397 0.019444 0.015931
1 0.058333 0.621324 0.016667 0.017157
1 0.059028 0.656863 0.020833 0.017157
0 0.851389 0.551471 0.077778 0.019608
0 0.532639 0.604779 0.034722 0.020833
0 0.607639 0.604779 0.034722 0.018382
0 0.701389 0.657475 0.036111 0.018382
0 0.777083 0.658088 0.037500 0.017157
3 0.450694 0.717525 0.531944 0.028186
0 0.860417 0.720588 0.181944 0.024510
0 0.767361 0.785539 0.362500 0.024510
0 0.357639 0.827819 0.165278 0.020833
0 0.777778 0.829044 0.344444 0.020833
