0 0.371936 0.097064 0.417892 0.014205
0 0.373162 0.145360 0.417892 0.014205
0 0.357230 0.186553 0.074755 0.013258
0 0.522672 0.187027 0.121324 0.012311
0 0.263480 0.215436 0.196078 0.016098
0 0.886642 0.097538 0.055147 0.013258
0 0.647672 0.123106 0.028186 0.013258
0 0.732230 0.123106 0.106618 0.013258
0 0.882353 0.145833 0.053922 0.013258
0 0.646446 0.171875 0.023284 0.014205
0 0.732843 0.171875 0.107843 0.012311
0 0.293505 0.347064 0.224265 0.016098
0 0.667892 0.345644 0.267157 0.015152
0 0.241422 0.401989 0.120098 0.016098
3 0.771446 0.401515 0.265931 0.018939
