0 0.338235 0.154830 0.286765 0.025568
0 0.338235 0.184659 0.286765 0.024621
0 0.338235 0.215909 0.286765 0.024621
3 0.289216 0.276515 0.384804 0.024621
0 0.406863 0.305871 0.149510 0.024621
0 0.338235 0.412879 0.286765 0.024621
0 0.338235 0.441761 0.286765 0.023674
0 0.338235 0.473011 0.286765 0.025568
0 0.289828 0.518466 0.386029 0.025568
3 0.289828 0.563447 0.386029 0.024621
0 0.406863 0.594223 0.149510 0.025568
3 0.750000 0.094223 0.384804 0.025568
0 0.868260 0.125000 0.150735 0.024621
0 0.750613 0.169981 0.386029 0.025568
0 0.337623 0.738163 0.287990 0.025568
0 0.338235 0.768466 0.289216 0.025568
0 0.337623 0.798769 0.287990 0.025568
