0 0.300245 0.109375 0.264706 0.029356
0 0.397672 0.133996 0.216912 0.014205
0 0.560049 0.209754 0.644608 0.065341
0 0.612745 0.297822 0.541667 0.059659
0 0.552696 0.380208 0.666667 0.044508
0 0.551471 0.466383 0.671569 0.042614
0 0.552083 0.534091 0.677696 0.037879
0 0.826593 0.570076 0.082108 0.022727
0 0.550858 0.620739 0.682598 0.036932
1 0.162377 0.166667 0.018382 0.013258
1 0.161765 0.253788 0.014706 0.013258
1 0.161765 0.342803 0.017157 0.009470
1 0.162990 0.412879 0.014706 0.009470
1 0.162377 0.500947 0.013480 0.009470
1 0.162990 0.571023 0.014706 0.011364
0 0.247549 0.776989 0.102941 0.021780
0 0.573529 0.812027 0.257353 0.021780
0 0.572304 0.846591 0.254902 0.022727
0 0.573529 0.881155 0.254902 0.023674
3 0.615809 0.772254 0.339461 0.033144
