0 0.337623 0.199811 0.285539 0.024621
0 0.337010 0.231061 0.284314 0.024621
0 0.337623 0.261364 0.283088 0.022727
0 0.140319 0.312973 0.089461 0.021780
0 0.280637 0.312973 0.093137 0.021780
0 0.424632 0.312973 0.089461 0.023674
0 0.142157 0.554924 0.090686 0.022727
0 0.280637 0.555398 0.090686 0.025568
0 0.426471 0.554924 0.090686 0.024621
0 0.601716 0.093277 0.090686 0.023674
0 0.751838 0.093277 0.089461 0.023674
0 0.897059 0.093277 0.090686 0.023674
0 0.601716 0.336648 0.090686 0.023674
0 0.751838 0.336648 0.089461 0.023674
0 0.895833 0.336648 0.090686 0.023674
0 0.601716 0.578598 0.090686 0.022727
0 0.751838 0.578598 0.089461 0.022727
0 0.897059 0.577652 0.090686 0.024621
