1 0.273644 0.311497 0.030265 0.020499
1 0.274905 0.339127 0.032787 0.020499
1 0.274905 0.404635 0.030265 0.021390
1 0.379571 0.404635 0.030265 0.021390
1 0.484237 0.404635 0.030265 0.021390
1 0.588272 0.404189 0.031526 0.020499
1 0.273644 0.525847 0.030265 0.021390
1 0.361917 0.525847 0.030265 0.021390
1 0.274905 0.778966 0.032787 0.021390
1 0.360025 0.779412 0.031526 0.022282
0 0.816520 0.404635 0.177806 0.019608
0 0.418663 0.445633 0.317781 0.023173
0 0.745902 0.445187 0.319042 0.020499
0 0.582598 0.562834 0.645649 0.020499
0 0.325977 0.638592 0.134931 0.020499
0 0.654477 0.639037 0.501892 0.023173
0 0.417402 0.676025 0.320303 0.020499
0 0.745902 0.676025 0.319042 0.020499
0 0.582598 0.713904 0.645649 0.023173
0 0.582598 0.805704 0.645649 0.021390
0 0.581967 0.825312 0.644388 0.021390
