0 0.359681 0.088542 0.177696 0.014205
0 0.640931 0.089489 0.176471 0.012311
0 0.333333 0.125000 0.330882 0.015152
0 0.770221 0.126420 0.077206 0.016098
0 0.331495 0.154356 0.327206 0.015152
0 0.749387 0.155777 0.035539 0.014205
0 0.331495 0.191288 0.327206 0.015152
0 0.768382 0.188920 0.075980 0.014205
0 0.477328 0.264678 0.116422 0.014205
0 0.782475 0.264678 0.307598 0.016098
0 0.871936 0.327178 0.148284 0.016098
0 0.872549 0.346591 0.147059 0.013258
0 0.871936 0.364583 0.145833 0.013258
0 0.870711 0.384470 0.145833 0.015152
0 0.870098 0.403883 0.147059 0.014205
0 0.870711 0.422348 0.145833 0.013258
0 0.871324 0.440814 0.147059 0.014205
0 0.871324 0.458807 0.149510 0.014205
0 0.871936 0.476326 0.148284 0.013258
0 0.871324 0.494792 0.147059 0.014205
0 0.871936 0.512784 0.148284 0.014205
0 0.406250 0.568655 0.486520 0.014205
0 0.481618 0.660511 0.507353 0.014205
0 0.481618 0.685606 0.509804 0.015152
0 0.481005 0.705966 0.508578 0.014205
0 0.481618 0.724905 0.509804 0.014205
0 0.481618 0.743845 0.509804 0.014205
0 0.278186 0.774621 0.100490 0.013258
3 0.628064 0.775095 0.214461 0.016098
0 0.870098 0.802557 0.147059 0.014205
3 0.370098 0.838542 0.286765 0.016098
3 0.629289 0.854640 0.214461 0.016098
0 0.268382 0.857955 0.083333 0.015152
