1 0.790668 0.103387 0.017654 0.012478
1 0.791929 0.143048 0.020177 0.013369
1 0.791299 0.184046 0.021438 0.015152
1 0.791299 0.224153 0.021438 0.015152
1 0.791929 0.264706 0.022699 0.014260
1 0.791929 0.304813 0.020177 0.014260
1 0.873897 0.304813 0.020177 0.014260
1 0.946406 0.305258 0.021438 0.015152
1 0.873897 0.264706 0.020177 0.014260
1 0.947667 0.264260 0.023960 0.015152
1 0.874527 0.225045 0.021438 0.013369
1 0.947037 0.224153 0.020177 0.015152
1 0.873897 0.183155 0.020177 0.013369
1 0.947037 0.183155 0.020177 0.015152
1 0.873897 0.143048 0.022699 0.013369
1 0.947037 0.142602 0.020177 0.014260
1 0.873897 0.102941 0.020177 0.013369
1 0.947667 0.102941 0.021438 0.013369
