0 0.370711 0.178504 0.552696 0.029356
0 0.368873 0.223011 0.549020 0.029356
0 0.370711 0.268939 0.552696 0.028409
0 0.843750 0.222538 0.202206 0.026515
0 0.847426 0.267992 0.199755 0.026515
0 0.695466 0.268939 0.094363 0.024621
0 0.368260 0.419508 0.545343 0.024621
0 0.370098 0.465909 0.551471 0.028409
0 0.844975 0.465909 0.194853 0.028409
0 0.368873 0.510417 0.546569 0.026515
0 0.694853 0.510890 0.095588 0.027462
0 0.844975 0.511364 0.199755 0.024621
0 0.369485 0.579545 0.545343 0.028409
0 0.844975 0.578598 0.199755 0.026515
0 0.797181 0.625947 0.297794 0.026515
0 0.369485 0.625473 0.545343 0.027462
0 0.238971 0.670455 0.284314 0.026515
0 0.472426 0.669981 0.167892 0.027462
0 0.751838 0.669981 0.381127 0.027462
0 0.305760 0.715909 0.415441 0.026515
0 0.755515 0.714489 0.378676 0.027462
0 0.304534 0.761364 0.417892 0.028409
0 0.247549 0.844223 0.254902 0.027462
0 0.534314 0.844223 0.213235 0.027462
0 0.313113 0.889678 0.435049 0.027462
0 0.740809 0.890152 0.408088 0.028409
0 0.313725 0.935133 0.438725 0.027462
1 0.665441 0.223958 0.022059 0.016098
1 0.695466 0.223958 0.023284 0.017992
1 0.724877 0.223485 0.020833 0.015152
1 0.833333 0.314394 0.022059 0.015152
1 0.901961 0.314867 0.019608 0.016098
1 0.663603 0.464962 0.020833 0.015152
1 0.695466 0.464962 0.018382 0.017045
1 0.722426 0.464962 0.023284 0.017045
1 0.666667 0.579072 0.017157 0.017992
1 0.695466 0.580019 0.020833 0.017992
1 0.724265 0.579545 0.017157 0.015152
