1 0.334805 0.068182 0.034048 0.020499
1 0.421816 0.067736 0.034048 0.023173
1 0.327238 0.122995 0.031526 0.021390
1 0.541614 0.122995 0.034048 0.024955
1 0.327238 0.356506 0.031526 0.021390
1 0.545397 0.356952 0.034048 0.024064
1 0.549811 0.515597 0.035309 0.020499
1 0.549180 0.537879 0.034048 0.024064
1 0.604035 0.515152 0.032787 0.023173
1 0.604035 0.536988 0.032787 0.024064
1 0.334805 0.571747 0.034048 0.024064
1 0.404161 0.571747 0.034048 0.024064
1 0.336066 0.617647 0.031526 0.023173
1 0.423077 0.618984 0.034048 0.024064
0 0.800126 0.066845 0.255990 0.019608
0 0.701765 0.275847 0.528373 0.018717
1 0.812106 0.180927 0.030265 0.021390
1 0.812736 0.204991 0.029004 0.021390
1 0.812106 0.228610 0.030265 0.020499
1 0.810845 0.416221 0.027743 0.021390
1 0.811475 0.440731 0.031526 0.020499
1 0.812106 0.463012 0.027743 0.020499
1 0.676545 0.718360 0.026482 0.019608
1 0.725725 0.717914 0.029004 0.020499
1 0.675914 0.741087 0.027743 0.016934
1 0.676545 0.836007 0.026482 0.019608
1 0.676545 0.859180 0.026482 0.019608
1 0.676545 0.882353 0.026482 0.019608
1 0.677175 0.909982 0.030265 0.021390
1 0.676545 0.931373 0.026482 0.019608
1 0.676545 0.765597 0.026482 0.019608
1 0.676545 0.788770 0.026482 0.019608
1 0.676545 0.811943 0.026482 0.019608
1 0.724464 0.811497 0.029004 0.020499
1 0.724464 0.835561 0.029004 0.020499
1 0.724464 0.858734 0.029004 0.020499
1 0.724464 0.882799 0.029004 0.020499
1 0.725725 0.909537 0.029004 0.020499
1 0.725725 0.932709 0.029004 0.020499
1 0.725725 0.740196 0.029004 0.020499
1 0.725725 0.764260 0.029004 0.020499
1 0.724464 0.787433 0.029004 0.020499
1 0.905422 0.668895 0.030265 0.022282
1 0.904161 0.693850 0.030265 0.022282
1 0.904161 0.717023 0.030265 0.022282
1 0.904161 0.741087 0.030265 0.022282
1 0.905422 0.765152 0.030265 0.022282
1 0.905422 0.788324 0.030265 0.022282
1 0.905422 0.811497 0.030265 0.022282
1 0.905422 0.835561 0.030265 0.022282
1 0.904161 0.859626 0.030265 0.022282
1 0.905422 0.882799 0.030265 0.022282
1 0.905422 0.908645 0.030265 0.022282
1 0.905422 0.932709 0.030265 0.022282
0 0.190416 0.934046 0.290038 0.016043
