0 0.597100 0.326203 0.664565 0.017825
0 0.431904 0.369430 0.611602 0.045455
0 0.874527 0.381462 0.104666 0.016043
0 0.391551 0.424242 0.225725 0.016043
0 0.819042 0.423797 0.220681 0.016934
0 0.593317 0.466132 0.674653 0.046346
1 0.358764 0.519608 0.034048 0.028520
1 0.425599 0.520053 0.034048 0.027629
0 0.394073 0.549020 0.092055 0.014260
0 0.568726 0.549020 0.090794 0.016043
0 0.726986 0.549911 0.081967 0.016043
0 0.346784 0.584225 0.385876 0.018717
0 0.348045 0.626114 0.216898 0.015152
0 0.242119 0.647950 0.229508 0.014260
0 0.286885 0.674688 0.223203 0.012478
0 0.346154 0.710784 0.291299 0.013369
3 0.239596 0.861854 0.201765 0.014260
0 0.196091 0.885918 0.182850 0.012478
