0 0.655637 0.223958 0.637255 0.035038
0 0.572917 0.531723 0.792892 0.019886
0 0.378064 0.679924 0.305147 0.034091
0 0.877451 0.678977 0.178922 0.037879
0 0.380515 0.718277 0.297794 0.027462
0 0.380515 0.792614 0.305147 0.045455
0 0.757966 0.761364 0.422794 0.039773
0 0.801471 0.810133 0.340686 0.031250
0 0.385417 0.852273 0.287990 0.043561
1 0.129289 0.198864 0.025735 0.018939
1 0.158088 0.287405 0.019608 0.019886
1 0.161765 0.319129 0.019608 0.020833
1 0.160539 0.381629 0.017157 0.020833
1 0.161765 0.441761 0.022059 0.016098
1 0.161765 0.470170 0.022059 0.016098
1 0.159314 0.517045 0.024510 0.017045
1 0.130515 0.546402 0.028186 0.018939
3 0.761029 0.716856 0.419118 0.032197
