1 0.420232 0.157629 0.013369 0.020177
1 0.446524 0.158260 0.014260 0.018916
1 0.482620 0.157629 0.013369 0.020177
1 0.420677 0.215637 0.014260 0.020177
1 0.446078 0.215006 0.013369 0.021438
1 0.483512 0.216267 0.013369 0.018916
1 0.420677 0.272383 0.014260 0.020177
1 0.446970 0.271753 0.015152 0.018916
1 0.483066 0.271753 0.014260 0.021438
1 0.420677 0.328499 0.014260 0.018916
1 0.446524 0.329760 0.014260 0.018916
1 0.482620 0.327869 0.013369 0.020177
1 0.421123 0.386507 0.015152 0.018916
1 0.446524 0.387137 0.012478 0.017654
1 0.483066 0.387137 0.014260 0.020177
1 0.420677 0.443884 0.014260 0.020177
1 0.446078 0.443884 0.013369 0.017654
1 0.483066 0.443253 0.014260 0.018916
1 0.420677 0.500631 0.012478 0.017654
1 0.446078 0.500631 0.013369 0.020177
1 0.483066 0.500631 0.014260 0.020177
1 0.420677 0.556747 0.014260 0.021438
1 0.446970 0.558008 0.013369 0.018916
1 0.483512 0.558008 0.013369 0.018916
1 0.421123 0.614754 0.013369 0.018916
1 0.446078 0.614754 0.013369 0.018916
1 0.483066 0.614754 0.014260 0.021438
1 0.420677 0.671501 0.014260 0.018916
1 0.446078 0.671501 0.013369 0.021438
1 0.483512 0.670870 0.013369 0.017654
1 0.421123 0.729508 0.013369 0.018916
1 0.446524 0.728878 0.014260 0.020177
1 0.483066 0.729508 0.014260 0.018916
1 0.421569 0.786885 0.014260 0.017654
1 0.446078 0.786255 0.015152 0.018916
1 0.483512 0.786255 0.013369 0.021438
1 0.421123 0.843001 0.013369 0.018916
1 0.446524 0.843001 0.014260 0.018916
1 0.482620 0.843632 0.013369 0.020177
1 0.420677 0.899748 0.014260 0.018916
1 0.446970 0.900378 0.013369 0.017654
1 0.483066 0.900378 0.014260 0.020177
