0 0.250613 0.080966 0.403186 0.023674
0 0.750613 0.081913 0.403186 0.023674
0 0.263480 0.107955 0.377451 0.020833
0 0.672794 0.137784 0.186275 0.019886
0 0.618260 0.173295 0.096814 0.020833
0 0.697304 0.219697 0.144608 0.022727
0 0.218137 0.183239 0.367647 0.021780
0 0.222426 0.229640 0.376225 0.017992
0 0.509191 0.326705 0.863971 0.024621
0 0.365196 0.490530 0.507353 0.034091
0 0.802696 0.496686 0.308824 0.021780
0 0.675245 0.535038 0.549020 0.028409
0 0.499387 0.599905 0.908088 0.014205
0 0.151961 0.704545 0.117647 0.020833
3 0.346814 0.767992 0.215686 0.028409
3 0.657475 0.764678 0.219363 0.035038
0 0.172181 0.858428 0.251225 0.014205
0 0.784926 0.866477 0.305147 0.028409
1 0.057598 0.564394 0.022059 0.017045
1 0.058211 0.381155 0.018382 0.016098
