0 0.301471 0.142045 0.264706 0.017045
0 0.398897 0.160985 0.219363 0.015152
0 0.561887 0.232008 0.645833 0.047348
0 0.553309 0.332386 0.670343 0.035985
0 0.553309 0.406250 0.667892 0.035985
0 0.551471 0.492898 0.666667 0.036932
0 0.549632 0.566761 0.667892 0.033144
0 0.825980 0.599905 0.078431 0.017992
0 0.550858 0.647254 0.672794 0.033144
0 0.249387 0.805398 0.109069 0.019886
0 0.575368 0.840436 0.256127 0.021780
0 0.574142 0.874527 0.253676 0.021780
0 0.574755 0.909564 0.254902 0.027462
3 0.612745 0.806345 0.348039 0.019886
1 0.161765 0.195076 0.014706 0.011364
1 0.162377 0.283144 0.015931 0.009470
1 0.161152 0.370739 0.013480 0.010417
1 0.162377 0.441761 0.013480 0.010417
1 0.161765 0.528883 0.014706 0.010417
1 0.161765 0.599905 0.012255 0.010417
