0 0.095839 0.087790 0.045397 0.020499
0 0.334805 0.139483 0.286255 0.020499
0 0.317781 0.183601 0.317781 0.019608
0 0.275536 0.268717 0.404792 0.020499
1 0.171501 0.296346 0.020177 0.016934
1 0.278689 0.295900 0.022699 0.016043
1 0.466583 0.295900 0.022699 0.016043
0 0.232030 0.333333 0.148802 0.019608
0 0.319042 0.377897 0.317781 0.021390
0 0.317781 0.401070 0.317781 0.019608
0 0.317781 0.424688 0.317781 0.020499
1 0.107818 0.510250 0.021438 0.015152
1 0.107818 0.528520 0.021438 0.016043
0 0.365700 0.666221 0.221942 0.020499
1 0.107818 0.770499 0.021438 0.016934
1 0.107818 0.814617 0.023960 0.014260
0 0.306431 0.791444 0.337957 0.019608
0 0.365700 0.831996 0.221942 0.020499
0 0.365700 0.857398 0.224464 0.021390
0 0.329130 0.889483 0.148802 0.019608
0 0.329130 0.914439 0.151324 0.019608
0 0.308323 0.950980 0.336696 0.019608
0 0.810214 0.138592 0.283733 0.020499
0 0.794451 0.180927 0.317781 0.019608
0 0.749054 0.266488 0.403531 0.019608
1 0.648172 0.295900 0.022699 0.016043
1 0.752837 0.295900 0.022699 0.016043
1 0.940731 0.295009 0.020177 0.014260
0 0.711854 0.333333 0.150063 0.019608
0 0.793190 0.376114 0.317781 0.019608
0 0.794451 0.401070 0.317781 0.019608
0 0.793190 0.425134 0.317781 0.019608
1 0.585750 0.510250 0.023960 0.015152
1 0.585750 0.527629 0.023960 0.016043
0 0.840479 0.666221 0.223203 0.020499
1 0.584489 0.770499 0.021438 0.013369
1 0.585750 0.814617 0.021438 0.014260
0 0.786255 0.789661 0.336696 0.019608
0 0.840479 0.832442 0.223203 0.019608
0 0.840479 0.857398 0.223203 0.019608
0 0.805801 0.889483 0.148802 0.019608
0 0.805801 0.914439 0.148802 0.019608
0 0.783102 0.951426 0.335435 0.020499
