1 0.110340 0.137701 0.021438 0.015152
1 0.110340 0.156863 0.021438 0.014260
0 0.335435 0.249554 0.284994 0.021390
0 0.318411 0.292335 0.316520 0.019608
0 0.317781 0.315062 0.317781 0.018717
0 0.274905 0.358289 0.403531 0.019608
1 0.170870 0.386809 0.021438 0.016043
1 0.278058 0.386364 0.021438 0.015152
1 0.465952 0.387255 0.021438 0.015152
0 0.234552 0.425579 0.148802 0.020499
0 0.317781 0.467914 0.315259 0.019608
0 0.319042 0.491087 0.317781 0.019608
0 0.318411 0.515152 0.316520 0.019608
0 0.368222 0.543672 0.219420 0.021390
0 0.334805 0.607398 0.283733 0.020499
0 0.319042 0.649733 0.317781 0.019608
0 0.319042 0.674242 0.317781 0.020499
0 0.274905 0.717469 0.403531 0.019608
1 0.170240 0.745098 0.020177 0.014260
1 0.278058 0.745989 0.021438 0.014260
1 0.466583 0.745544 0.020177 0.015152
0 0.234552 0.785205 0.148802 0.019608
0 0.318411 0.827094 0.316520 0.019608
0 0.319042 0.851604 0.317781 0.018717
0 0.318411 0.875223 0.316520 0.017825
0 0.368222 0.903298 0.219420 0.020499
0 0.812106 0.249554 0.284994 0.021390
0 0.795712 0.292335 0.317781 0.019608
0 0.795082 0.315508 0.316520 0.019608
0 0.752207 0.357843 0.404792 0.020499
1 0.648172 0.386809 0.022699 0.016043
1 0.754729 0.387255 0.021438 0.015152
1 0.943253 0.386809 0.020177 0.014260
0 0.711854 0.424688 0.150063 0.018717
0 0.795082 0.467914 0.316520 0.019608
0 0.795712 0.491533 0.317781 0.020499
0 0.795082 0.515597 0.316520 0.020499
0 0.844262 0.544118 0.218159 0.020499
0 0.813367 0.607398 0.282472 0.020499
0 0.795712 0.649287 0.317781 0.018717
0 0.795082 0.674242 0.316520 0.018717
0 0.752207 0.718360 0.402270 0.019608
1 0.648172 0.745544 0.022699 0.013369
1 0.754729 0.744652 0.021438 0.015152
1 0.943253 0.745098 0.020177 0.016043
0 0.711223 0.784314 0.148802 0.019608
0 0.795712 0.827094 0.315259 0.019608
0 0.795712 0.850713 0.315259 0.020499
0 0.795712 0.874332 0.317781 0.021390
0 0.845523 0.903298 0.218159 0.022282
