0 0.088235 0.119318 0.090686 0.022727
0 0.191176 0.119318 0.058824 0.022727
0 0.278799 0.119318 0.060049 0.022727
2 0.061887 0.141572 0.025735 0.012311
2 0.061275 0.158617 0.024510 0.012311
2 0.061887 0.175663 0.023284 0.012311
2 0.061275 0.193182 0.024510 0.013258
2 0.061275 0.209754 0.024510 0.012311
2 0.061887 0.227746 0.023284 0.012311
2 0.061887 0.244318 0.023284 0.013258
2 0.061887 0.261364 0.023284 0.011364
2 0.061887 0.277936 0.025735 0.014205
2 0.061887 0.294981 0.025735 0.014205
2 0.061887 0.312500 0.025735 0.013258
2 0.061275 0.329072 0.024510 0.014205
2 0.172794 0.141572 0.024510 0.012311
2 0.208333 0.142045 0.024510 0.013258
2 0.171569 0.158617 0.024510 0.012311
2 0.209559 0.159091 0.024510 0.013258
2 0.172794 0.176136 0.024510 0.013258
2 0.172181 0.193182 0.023284 0.013258
2 0.208333 0.176136 0.024510 0.013258
2 0.208946 0.193182 0.023284 0.013258
2 0.208946 0.210227 0.023284 0.013258
2 0.209559 0.227273 0.024510 0.011364
2 0.207721 0.244318 0.025735 0.013258
2 0.209559 0.262311 0.024510 0.013258
2 0.208333 0.278409 0.024510 0.013258
2 0.208946 0.295455 0.023284 0.013258
2 0.260417 0.141572 0.023284 0.012311
2 0.297181 0.141572 0.025735 0.012311
2 0.261029 0.158617 0.024510 0.012311
2 0.297181 0.159091 0.025735 0.013258
2 0.260417 0.175663 0.023284 0.010417
2 0.297181 0.176136 0.023284 0.013258
2 0.260417 0.193182 0.023284 0.013258
2 0.297181 0.193182 0.023284 0.013258
2 0.259804 0.210227 0.024510 0.013258
2 0.296569 0.210227 0.024510 0.013258
2 0.259804 0.227273 0.024510 0.013258
2 0.297794 0.226799 0.022059 0.014205
2 0.260417 0.244318 0.023284 0.013258
2 0.297181 0.243845 0.023284 0.014205
2 0.260417 0.261364 0.025735 0.013258
2 0.297794 0.260890 0.024510 0.012311
2 0.260417 0.278409 0.025735 0.013258
2 0.297794 0.278409 0.024510 0.013258
2 0.259804 0.295455 0.024510 0.013258
2 0.297181 0.295455 0.025735 0.011364
0 0.382966 0.119318 0.089461 0.022727
0 0.484681 0.119792 0.057598 0.023674
0 0.573529 0.119792 0.058824 0.023674
2 0.356618 0.141572 0.024510 0.012311
2 0.355392 0.158617 0.024510 0.014205
2 0.355392 0.176136 0.024510 0.013258
2 0.356005 0.193182 0.025735 0.013258
2 0.356005 0.209754 0.025735 0.012311
2 0.356005 0.227746 0.025735 0.012311
2 0.355392 0.244318 0.024510 0.011364
2 0.356005 0.260890 0.025735 0.012311
2 0.356005 0.278409 0.023284 0.011364
2 0.356005 0.295455 0.023284 0.013258
2 0.355392 0.312027 0.024510 0.012311
2 0.355392 0.329072 0.024510 0.014205
2 0.465686 0.142519 0.024510 0.012311
2 0.465686 0.158617 0.026961 0.012311
2 0.466299 0.175663 0.025735 0.012311
2 0.465686 0.193182 0.024510 0.013258
2 0.503064 0.142045 0.025735 0.013258
2 0.503676 0.159091 0.024510 0.011364
2 0.502451 0.176136 0.024510 0.013258
2 0.503064 0.193182 0.023284 0.013258
2 0.503064 0.210701 0.023284 0.012311
2 0.503064 0.226799 0.025735 0.014205
2 0.503064 0.244792 0.023284 0.012311
2 0.503064 0.260890 0.025735 0.012311
2 0.503064 0.278409 0.023284 0.013258
2 0.503676 0.294508 0.024510 0.013258
2 0.553922 0.142045 0.024510 0.013258
2 0.554534 0.158144 0.023284 0.013258
2 0.554534 0.175663 0.023284 0.014205
2 0.555760 0.193655 0.020833 0.012311
2 0.554534 0.209754 0.023284 0.012311
2 0.554534 0.227273 0.023284 0.013258
2 0.553922 0.243371 0.022059 0.013258
2 0.554534 0.261364 0.025735 0.015152
2 0.553922 0.278409 0.024510 0.013258
2 0.554534 0.295455 0.023284 0.013258
2 0.591912 0.142045 0.024510 0.013258
2 0.591299 0.158617 0.023284 0.012311
2 0.591912 0.176136 0.022059 0.013258
2 0.591912 0.192235 0.024510 0.013258
2 0.590686 0.210227 0.026961 0.013258
2 0.591912 0.227273 0.024510 0.015152
2 0.591299 0.244792 0.025735 0.012311
2 0.591912 0.261364 0.024510 0.013258
2 0.591912 0.278409 0.024510 0.013258
2 0.591912 0.295455 0.024510 0.013258
2 0.642157 0.061553 0.024510 0.013258
2 0.723039 0.062027 0.022059 0.012311
2 0.642770 0.194129 0.025735 0.015152
2 0.642157 0.228693 0.026961 0.014205
2 0.642157 0.263258 0.024510 0.013258
0 0.088235 0.426136 0.090686 0.024621
0 0.190564 0.426136 0.060049 0.022727
2 0.060662 0.447917 0.025735 0.013258
2 0.061275 0.465436 0.024510 0.012311
2 0.061275 0.482955 0.024510 0.013258
2 0.061275 0.500473 0.024510 0.012311
2 0.061887 0.517045 0.023284 0.013258
2 0.061275 0.533617 0.024510 0.012311
2 0.061887 0.551136 0.025735 0.013258
2 0.061887 0.568182 0.023284 0.011364
2 0.061887 0.585227 0.023284 0.011364
2 0.061275 0.602273 0.024510 0.013258
2 0.061887 0.619318 0.023284 0.013258
2 0.061887 0.636837 0.023284 0.012311
2 0.172181 0.448864 0.023284 0.013258
2 0.171569 0.465909 0.024510 0.011364
2 0.171569 0.483902 0.024510 0.013258
2 0.172181 0.500000 0.023284 0.011364
2 0.171569 0.517519 0.024510 0.014205
2 0.172181 0.535038 0.023284 0.013258
2 0.172181 0.553030 0.023284 0.013258
2 0.172181 0.569602 0.025735 0.014205
2 0.172181 0.587121 0.025735 0.011364
2 0.171569 0.604167 0.024510 0.013258
2 0.208946 0.448390 0.025735 0.014205
2 0.208946 0.465909 0.025735 0.013258
2 0.208946 0.482955 0.025735 0.011364
2 0.207721 0.500947 0.025735 0.013258
2 0.208946 0.517045 0.025735 0.013258
2 0.207721 0.535038 0.025735 0.013258
2 0.208333 0.552557 0.026961 0.012311
2 0.208946 0.570076 0.025735 0.013258
2 0.208333 0.586648 0.024510 0.012311
2 0.208946 0.604167 0.025735 0.013258
2 0.356005 0.376420 0.023284 0.014205
2 0.356005 0.407670 0.025735 0.012311
2 0.355392 0.433712 0.024510 0.013258
2 0.356618 0.467803 0.024510 0.013258
2 0.062500 0.706439 0.024510 0.013258
2 0.062500 0.740057 0.024510 0.014205
3 0.200980 0.848011 0.306373 0.017992
3 0.201593 0.881155 0.305147 0.017992
0 0.514093 0.848011 0.297794 0.017992
0 0.514706 0.881155 0.296569 0.016098
0 0.709559 0.849432 0.063725 0.017045
0 0.850490 0.848958 0.200980 0.017992
0 0.811887 0.881629 0.278186 0.017045
2 0.643995 0.376894 0.023284 0.013258
2 0.812500 0.376420 0.024510 0.014205
2 0.635417 0.502367 0.023284 0.014205
2 0.635417 0.518939 0.023284 0.013258
2 0.636029 0.535985 0.024510 0.013258
2 0.635417 0.553030 0.023284 0.013258
2 0.636029 0.569602 0.024510 0.012311
2 0.672794 0.501894 0.022059 0.013258
2 0.672181 0.518466 0.023284 0.014205
2 0.671569 0.536458 0.026961 0.012311
2 0.672181 0.552557 0.023284 0.012311
2 0.672181 0.569602 0.023284 0.012311
2 0.672181 0.587595 0.023284 0.012311
2 0.672181 0.604167 0.023284 0.013258
2 0.671569 0.621212 0.026961 0.013258
2 0.672181 0.638258 0.025735 0.013258
2 0.672181 0.654830 0.025735 0.012311
2 0.811887 0.501420 0.025735 0.014205
2 0.848039 0.501420 0.024510 0.014205
2 0.811887 0.518939 0.025735 0.013258
2 0.848039 0.518939 0.024510 0.013258
2 0.811887 0.535985 0.025735 0.013258
2 0.848652 0.535985 0.023284 0.013258
2 0.811275 0.553030 0.024510 0.013258
2 0.848652 0.553030 0.023284 0.013258
2 0.812500 0.570076 0.024510 0.013258
2 0.849265 0.570076 0.024510 0.013258
2 0.811887 0.586648 0.025735 0.012311
2 0.848652 0.587595 0.023284 0.012311
2 0.811887 0.604640 0.025735 0.012311
2 0.848039 0.604167 0.024510 0.013258
2 0.811275 0.621212 0.024510 0.015152
2 0.848652 0.621686 0.023284 0.014205
2 0.811275 0.638731 0.024510 0.012311
2 0.848652 0.638258 0.023284 0.011364
2 0.811275 0.654830 0.024510 0.012311
2 0.848039 0.655303 0.024510 0.013258
0 0.653186 0.479640 0.061275 0.023674
0 0.830270 0.478693 0.060049 0.023674
