0 0.300613 0.125118 0.282209 0.015166
0 0.607362 0.124171 0.306748 0.015166
0 0.461350 0.155450 0.598773 0.015166
0 0.461350 0.185782 0.598773 0.015166
1 0.194479 0.204265 0.015951 0.012322
1 0.194479 0.218957 0.015951 0.013270
1 0.195092 0.234597 0.017178 0.014218
1 0.928221 0.492891 0.015951 0.013270
0 0.725153 0.576303 0.107975 0.015166
0 0.724540 0.599052 0.104294 0.015166
0 0.890184 0.635071 0.099387 0.015166
0 0.891411 0.681517 0.101840 0.015166
0 0.890184 0.733649 0.096933 0.015166
0 0.890798 0.762559 0.098160 0.016114
3 0.448466 0.843602 0.570552 0.026540
0 0.848466 0.847867 0.190184 0.018009
0 0.393252 0.916588 0.460123 0.030332
0 0.701840 0.917536 0.110429 0.022749
0 0.858896 0.918009 0.164417 0.021801
