1 0.847415 0.097148 0.030265 0.021390
1 0.774905 0.097594 0.031526 0.022282
1 0.774905 0.125223 0.031526 0.022282
1 0.845523 0.124332 0.031526 0.020499
1 0.774905 0.151070 0.031526 0.020499
1 0.845523 0.151961 0.031526 0.022282
1 0.774905 0.178699 0.031526 0.022282
1 0.845523 0.177362 0.031526 0.023173
1 0.774905 0.205437 0.031526 0.022282
1 0.847415 0.205437 0.030265 0.022282
1 0.774905 0.231729 0.031526 0.021390
1 0.845523 0.232175 0.031526 0.022282
1 0.774905 0.258467 0.031526 0.021390
1 0.847415 0.259804 0.030265 0.020499
1 0.774905 0.286542 0.029004 0.020499
1 0.845523 0.286096 0.031526 0.023173
1 0.774905 0.312834 0.031526 0.023173
1 0.847415 0.311943 0.030265 0.021390
1 0.774905 0.340018 0.031526 0.020499
1 0.845523 0.339572 0.031526 0.021390
1 0.774905 0.366756 0.031526 0.022282
1 0.845523 0.366310 0.029004 0.021390
1 0.774905 0.393939 0.031526 0.023173
1 0.847415 0.393048 0.030265 0.021390
1 0.774905 0.420677 0.031526 0.023173
1 0.847415 0.420677 0.030265 0.023173
1 0.774905 0.447415 0.029004 0.023173
1 0.847415 0.447415 0.030265 0.023173
1 0.774905 0.474153 0.029004 0.023173
1 0.847415 0.473262 0.030265 0.021390
1 0.774905 0.501783 0.031526 0.021390
1 0.845523 0.501337 0.029004 0.020499
1 0.774905 0.529412 0.029004 0.021390
1 0.774905 0.556150 0.031526 0.021390
1 0.845523 0.528520 0.031526 0.023173
1 0.847415 0.555258 0.030265 0.023173
1 0.774905 0.582888 0.029004 0.021390
1 0.845523 0.582888 0.031526 0.021390
1 0.774905 0.608734 0.031526 0.023173
1 0.845523 0.608734 0.031526 0.019608
1 0.774905 0.636809 0.031526 0.020499
1 0.847415 0.636364 0.030265 0.023173
1 0.274905 0.703654 0.030265 0.022282
1 0.360025 0.703654 0.029004 0.020499
