0 0.506740 0.422822 0.667892 0.016098
1 0.186275 0.515625 0.014706 0.012311
1 0.185049 0.528883 0.014706 0.012311
1 0.186275 0.544034 0.014706 0.014205
1 0.517157 0.533617 0.017157 0.012311
1 0.517157 0.548769 0.017157 0.012311
1 0.516544 0.564867 0.015931 0.012311
1 0.516544 0.581913 0.015931 0.012311
0 0.390931 0.545455 0.176471 0.015152
0 0.718137 0.583333 0.176471 0.013258
3 0.297794 0.751894 0.365196 0.017045
0 0.736520 0.752367 0.274510 0.017992
0 0.300245 0.843277 0.365196 0.014205
0 0.299632 0.857481 0.366422 0.012311
0 0.299020 0.871686 0.367647 0.012311
