0 0.335435 0.059715 0.282472 0.019608
0 0.319042 0.101604 0.315259 0.019608
0 0.318411 0.125668 0.316520 0.019608
0 0.274275 0.169340 0.402270 0.021390
1 0.170870 0.197861 0.018916 0.016043
1 0.278689 0.197415 0.022699 0.015152
1 0.466583 0.197861 0.020177 0.014260
0 0.233922 0.236185 0.150063 0.019608
0 0.318411 0.278075 0.316520 0.017825
0 0.318411 0.303476 0.316520 0.018717
0 0.318411 0.326203 0.316520 0.019608
0 0.367591 0.355169 0.218159 0.020499
0 0.752207 0.329768 0.404792 0.021390
0 0.752207 0.372995 0.404792 0.020499
0 0.752207 0.415330 0.404792 0.021390
0 0.752207 0.458111 0.404792 0.021390
0 0.752207 0.572638 0.404792 0.020499
0 0.752207 0.615865 0.404792 0.019608
0 0.752837 0.657754 0.406053 0.019608
