1 0.853856 0.081395 0.018657 0.013566
1 0.910448 0.080911 0.017413 0.014535
0 0.343284 0.194767 0.203980 0.013566
0 0.526741 0.158915 0.110697 0.017442
0 0.527363 0.174903 0.111940 0.016473
0 0.527363 0.191376 0.111940 0.016473
0 0.686567 0.158430 0.111940 0.018411
0 0.685945 0.176357 0.110697 0.017442
0 0.686567 0.192345 0.111940 0.018411
0 0.850124 0.158430 0.120647 0.018411
0 0.850746 0.175388 0.119403 0.019380
0 0.850746 0.191860 0.119403 0.015504
1 0.854478 0.230136 0.017413 0.014535
1 0.910448 0.230620 0.017413 0.015504
0 0.534204 0.265988 0.598259 0.016473
0 0.764303 0.285368 0.140547 0.016473
0 0.764925 0.306202 0.139303 0.015504
1 0.854478 0.362403 0.017413 0.013566
1 0.910448 0.362888 0.017413 0.012597
0 0.763682 0.402616 0.139303 0.016473
0 0.762438 0.421512 0.139303 0.015504
0 0.763682 0.440891 0.139303 0.015504
1 0.853856 0.478682 0.018657 0.013566
1 0.910448 0.479167 0.017413 0.014535
0 0.652985 0.500484 0.358209 0.014535
1 0.853856 0.522287 0.018657 0.013566
1 0.909826 0.521802 0.018657 0.014535
1 0.853856 0.543605 0.018657 0.013566
1 0.909826 0.544089 0.018657 0.014535
0 0.532338 0.563469 0.604478 0.014535
1 0.853856 0.619671 0.018657 0.014535
1 0.909826 0.619671 0.018657 0.014535
0 0.531095 0.640504 0.601990 0.015504
1 0.854478 0.662306 0.017413 0.014535
1 0.910448 0.662791 0.017413 0.013566
1 0.853856 0.684109 0.018657 0.013566
1 0.909826 0.683624 0.018657 0.014535
1 0.854478 0.704942 0.017413 0.014535
1 0.909826 0.704942 0.018657 0.012597
1 0.853856 0.802810 0.018657 0.014535
1 0.909826 0.802810 0.018657 0.014535
0 0.532338 0.825097 0.604478 0.014535
1 0.074005 0.745155 0.018657 0.013566
1 0.074627 0.765504 0.017413 0.013566
