0 0.163102 0.626103 0.021390 0.543506
0 0.203654 0.157629 0.018717 0.189155
0 0.653743 0.240227 0.020499 0.374527
0 0.247326 0.153846 0.018717 0.189155
0 0.204991 0.624842 0.021390 0.543506
0 0.248663 0.628625 0.021390 0.543506
0 0.385027 0.631148 0.021390 0.543506
0 0.425134 0.632409 0.021390 0.543506
0 0.469697 0.629887 0.021390 0.543506
0 0.530303 0.633670 0.021390 0.543506
0 0.573084 0.632409 0.021390 0.543506
0 0.695187 0.693569 0.019608 0.416141
0 0.655080 0.692308 0.019608 0.416141
0 0.613636 0.758512 0.020499 0.283733
0 0.610963 0.527112 0.020499 0.158890
0 0.614528 0.237705 0.020499 0.374527
0 0.425579 0.155738 0.018717 0.197982
0 0.466578 0.151955 0.018717 0.197982
0 0.528966 0.153216 0.018717 0.197982
0 0.572193 0.203657 0.017825 0.288777
0 0.772727 0.749054 0.021390 0.249685
0 0.811052 0.683480 0.017825 0.421185
0 0.811943 0.259142 0.017825 0.399748
0 0.851604 0.680958 0.018717 0.438840
0 0.770945 0.467844 0.021390 0.206810
1 0.204991 0.331652 0.008913 0.017654
1 0.209002 0.306431 0.016934 0.022699
1 0.205437 0.269231 0.013369 0.018916
1 0.289661 0.167087 0.010695 0.029004
1 0.289216 0.100252 0.009804 0.021438
1 0.426025 0.334174 0.010695 0.015132
1 0.427362 0.306431 0.013369 0.017654
1 0.426471 0.282472 0.013369 0.020177
1 0.528520 0.332282 0.008913 0.023960
1 0.530749 0.303909 0.015152 0.022699
1 0.528966 0.276166 0.011586 0.020177
