1 0.223834 0.286542 0.023960 0.016934
1 0.302018 0.286988 0.023960 0.016043
1 0.382093 0.284759 0.020177 0.016934
1 0.466583 0.286988 0.020177 0.016043
0 0.341740 0.308378 0.262295 0.019608
0 0.317781 0.366756 0.317781 0.020499
0 0.317781 0.391266 0.317781 0.021390
0 0.317781 0.409091 0.317781 0.019608
1 0.107818 0.505348 0.023960 0.014260
1 0.105296 0.521836 0.021438 0.016934
0 0.317781 0.547683 0.317781 0.020499
0 0.317781 0.569964 0.317781 0.020499
0 0.317781 0.588681 0.317781 0.020499
0 0.319042 0.614528 0.317781 0.020499
0 0.317781 0.632353 0.317781 0.020499
1 0.170240 0.697861 0.025221 0.016043
1 0.278689 0.697415 0.022699 0.016934
1 0.466583 0.697415 0.022699 0.013369
1 0.106557 0.764706 0.021438 0.016043
1 0.106557 0.784314 0.021438 0.016043
0 0.235183 0.821747 0.150063 0.019608
1 0.107818 0.875668 0.023960 0.016934
1 0.106557 0.895276 0.021438 0.016934
0 0.399117 0.894831 0.150063 0.019608
0 0.791929 0.433601 0.317781 0.018717
0 0.793190 0.457665 0.317781 0.020499
0 0.793190 0.479501 0.317781 0.019608
0 0.711854 0.694296 0.150063 0.019608
0 0.880202 0.694742 0.151324 0.020499
0 0.711854 0.811497 0.150063 0.020499
0 0.880202 0.813280 0.148802 0.020499
