0 0.835172 0.184659 0.162990 0.037879
0 0.838235 0.323390 0.178922 0.239583
0 0.831495 0.524148 0.165441 0.086174
0 0.834559 0.595644 0.159314 0.026515
0 0.832108 0.676610 0.174020 0.078598
0 0.832108 0.746686 0.164216 0.029356
0 0.829044 0.792614 0.172794 0.020833
0 0.830270 0.879261 0.167892 0.103220
0 0.325980 0.791667 0.401961 0.022727
0 0.373162 0.684659 0.351716 0.022727
0 0.372549 0.709280 0.350490 0.018939
0 0.335784 0.601799 0.414216 0.021780
0 0.403186 0.550663 0.286765 0.031250
0 0.375000 0.253314 0.345588 0.017992
