1 0.694240 0.138731 0.023284 0.017992
1 0.723039 0.139205 0.022059 0.018939
1 0.752451 0.139678 0.022059 0.017992
1 0.108456 0.400095 0.023284 0.017992
1 0.107843 0.423295 0.022059 0.017045
1 0.107843 0.446496 0.022059 0.017992
1 0.825980 0.548769 0.024510 0.017992
1 0.893382 0.548295 0.022059 0.018939
1 0.686887 0.776515 0.023284 0.018939
1 0.715686 0.776515 0.022059 0.018939
1 0.745711 0.776042 0.023284 0.017992
0 0.382966 0.139205 0.577206 0.030303
0 0.857843 0.140152 0.174020 0.028409
0 0.383578 0.184659 0.575980 0.024621
0 0.723652 0.185606 0.091912 0.026515
0 0.857843 0.185133 0.174020 0.029356
0 0.242647 0.231061 0.294118 0.026515
0 0.476103 0.230114 0.160539 0.028409
0 0.752451 0.230587 0.384804 0.027462
0 0.231005 0.306345 0.268382 0.027462
0 0.529412 0.305398 0.247549 0.027462
0 0.231005 0.351799 0.268382 0.027462
0 0.537990 0.351326 0.227941 0.028409
0 0.248162 0.487689 0.226716 0.028409
0 0.552696 0.488636 0.252451 0.028409
0 0.262868 0.662405 0.334559 0.027462
0 0.568015 0.661458 0.265931 0.029356
0 0.829657 0.662405 0.232843 0.027462
0 0.520221 0.731061 0.849265 0.026515
0 0.381740 0.776515 0.569853 0.028409
0 0.859069 0.776042 0.169118 0.029356
0 0.380515 0.821023 0.572304 0.028409
0 0.717525 0.821496 0.091912 0.027462
0 0.859069 0.821023 0.169118 0.028409
0 0.242034 0.866951 0.290441 0.029356
0 0.471201 0.866477 0.158088 0.028409
0 0.749387 0.866477 0.386029 0.026515
