0 0.338235 0.231061 0.286765 0.024621
0 0.338235 0.261364 0.286765 0.024621
0 0.338235 0.291667 0.286765 0.024621
0 0.338235 0.337121 0.286765 0.024621
0 0.338235 0.367424 0.286765 0.022727
0 0.338848 0.397727 0.285539 0.024621
0 0.411765 0.465909 0.139706 0.024621
0 0.288603 0.541667 0.383578 0.024621
0 0.288603 0.587121 0.383578 0.024621
0 0.289216 0.632102 0.384804 0.023674
0 0.411765 0.701231 0.139706 0.023674
0 0.288603 0.745739 0.386029 0.025568
0 0.288603 0.791193 0.383578 0.023674
0 0.376225 0.836648 0.210784 0.025568
0 0.799020 0.132576 0.286765 0.022727
0 0.798407 0.162405 0.285539 0.025568
0 0.799020 0.192708 0.286765 0.025568
0 0.749387 0.238163 0.383578 0.023674
0 0.871936 0.283617 0.138480 0.025568
0 0.798407 0.352273 0.285539 0.024621
0 0.798407 0.383049 0.285539 0.023674
0 0.798407 0.412405 0.285539 0.025568
0 0.750000 0.457860 0.384804 0.023674
0 0.871936 0.503788 0.138480 0.024621
0 0.748775 0.586648 0.384804 0.023674
0 0.799020 0.617898 0.284314 0.023674
0 0.651961 0.648201 0.071078 0.025568
1 0.568627 0.696496 0.019608 0.014205
1 0.570466 0.719223 0.018382 0.014205
