0 0.721814 0.255208 0.426471 0.012311
0 0.511029 0.269413 0.848039 0.012311
0 0.772059 0.284091 0.328431 0.011364
0 0.511029 0.296875 0.848039 0.012311
0 0.689951 0.321023 0.485294 0.013258
0 0.322917 0.334754 0.118873 0.012311
1 0.443627 0.364110 0.017157 0.014205
0 0.596814 0.383523 0.671569 0.013258
0 0.251225 0.402462 0.237745 0.013258
0 0.521446 0.402462 0.207108 0.013258
0 0.822304 0.401989 0.225490 0.012311
0 0.593137 0.446023 0.683824 0.013258
0 0.251225 0.460227 0.240196 0.011364
0 0.522672 0.460701 0.207108 0.012311
0 0.821078 0.460701 0.223039 0.012311
0 0.591912 0.504735 0.681373 0.013258
0 0.543505 0.519413 0.780637 0.012311
0 0.232843 0.533144 0.215686 0.013258
0 0.573529 0.533144 0.132353 0.011364
0 0.816176 0.533144 0.230392 0.011364
0 0.500613 0.573390 0.868873 0.016098
0 0.737132 0.638258 0.305147 0.013258
0 0.558211 0.674242 0.751225 0.015152
0 0.513480 0.699337 0.840686 0.014205
0 0.236520 0.847064 0.343137 0.016098
3 0.671569 0.848011 0.490196 0.016098
0 0.236520 0.893939 0.343137 0.017045
0 0.671569 0.893939 0.490196 0.018939
