0 0.373775 0.097064 0.419118 0.014205
0 0.886642 0.097064 0.052696 0.014205
0 0.374387 0.144886 0.417892 0.015152
0 0.647059 0.123580 0.029412 0.014205
0 0.733456 0.124527 0.109069 0.014205
0 0.879902 0.144886 0.049020 0.015152
0 0.646446 0.170928 0.025735 0.016098
0 0.732843 0.170928 0.110294 0.016098
0 0.359681 0.186553 0.074755 0.017045
0 0.523897 0.186553 0.116422 0.013258
0 0.262868 0.214015 0.197304 0.018939
0 0.293505 0.346591 0.224265 0.017045
0 0.668505 0.347064 0.265931 0.016098
0 0.243873 0.402462 0.122549 0.018939
3 0.771446 0.402936 0.265931 0.017992
