0 0.243873 0.169981 0.296569 0.025568
0 0.544118 0.169981 0.286765 0.023674
0 0.818627 0.169981 0.247549 0.023674
0 0.393382 0.200758 0.213235 0.022727
0 0.185662 0.252841 0.099265 0.024621
0 0.342525 0.253314 0.101716 0.025568
0 0.500000 0.253314 0.100490 0.025568
0 0.539216 0.286458 0.801471 0.019886
0 0.539828 0.308712 0.805147 0.018939
0 0.539216 0.332386 0.806373 0.018939
0 0.186887 0.382102 0.101716 0.025568
0 0.343750 0.381629 0.099265 0.024621
0 0.500000 0.382102 0.100490 0.025568
0 0.538603 0.414773 0.805147 0.020833
0 0.538603 0.438920 0.805147 0.017992
0 0.537990 0.461648 0.806373 0.016098
0 0.186887 0.510890 0.101716 0.025568
0 0.342525 0.510417 0.099265 0.022727
0 0.500000 0.511364 0.100490 0.024621
0 0.537377 0.543087 0.805147 0.019886
0 0.537990 0.567235 0.808824 0.017045
0 0.538603 0.589962 0.810049 0.015152
0 0.186275 0.639678 0.100490 0.023674
0 0.342525 0.639678 0.099265 0.025568
0 0.500000 0.639205 0.100490 0.024621
0 0.539216 0.672348 0.801471 0.018939
0 0.539216 0.695549 0.801471 0.017992
0 0.539828 0.719223 0.802696 0.017992
0 0.186887 0.768466 0.101716 0.025568
0 0.342525 0.768466 0.099265 0.025568
0 0.499387 0.767992 0.099265 0.024621
0 0.540441 0.802557 0.803922 0.016098
0 0.538603 0.825284 0.800245 0.016098
0 0.537990 0.848011 0.803922 0.016098
