0 0.289216 0.207386 0.384804 0.024621
0 0.289216 0.253788 0.384804 0.022727
0 0.288603 0.299716 0.386029 0.025568
0 0.343137 0.367424 0.276961 0.024621
0 0.392157 0.397727 0.178922 0.026515
0 0.342525 0.428030 0.275735 0.024621
0 0.397059 0.457860 0.169118 0.023674
0 0.332721 0.488636 0.297794 0.026515
0 0.332721 0.518466 0.297794 0.025568
0 0.288603 0.564394 0.383578 0.026515
1 0.104167 0.397727 0.017157 0.015152
1 0.173407 0.397727 0.015931 0.015152
1 0.242647 0.397727 0.019608 0.015152
0 0.167279 0.458807 0.062500 0.023674
0 0.289216 0.647727 0.384804 0.026515
0 0.289216 0.693182 0.384804 0.026515
0 0.289216 0.738163 0.382353 0.023674
0 0.332721 0.822443 0.197304 0.023674
3 0.749387 0.125473 0.383578 0.023674
0 0.872549 0.155303 0.142157 0.024621
0 0.750000 0.352273 0.384804 0.024621
0 0.749387 0.397727 0.386029 0.026515
0 0.750000 0.443182 0.384804 0.026515
0 0.803922 0.511837 0.276961 0.025568
0 0.852941 0.541667 0.176471 0.024621
0 0.803922 0.571496 0.276961 0.025568
0 0.628064 0.602273 0.062500 0.026515
0 0.857843 0.602273 0.169118 0.024621
0 0.794118 0.631629 0.296569 0.024621
0 0.794730 0.662879 0.295343 0.024621
0 0.749387 0.707860 0.386029 0.025568
1 0.567402 0.542140 0.019608 0.014205
1 0.634804 0.542140 0.019608 0.014205
1 0.704044 0.541667 0.018382 0.015152
0 0.750000 0.791667 0.384804 0.024621
0 0.750000 0.836648 0.384804 0.023674
0 0.750613 0.882576 0.383578 0.024621
