0 0.278799 0.147727 0.363971 0.022727
0 0.598039 0.147254 0.274510 0.023674
0 0.837623 0.147254 0.207108 0.023674
0 0.278799 0.169981 0.363971 0.023674
0 0.597426 0.169981 0.278186 0.023674
0 0.838235 0.170455 0.208333 0.024621
0 0.278799 0.239110 0.363971 0.023674
0 0.598039 0.237689 0.274510 0.022727
0 0.837623 0.238636 0.207108 0.024621
0 0.278799 0.261364 0.363971 0.022727
0 0.598039 0.261364 0.274510 0.024621
0 0.838235 0.261364 0.205882 0.024621
0 0.278799 0.283617 0.363971 0.023674
0 0.597426 0.283617 0.275735 0.025568
0 0.838235 0.284091 0.208333 0.024621
0 0.279412 0.306345 0.365196 0.021780
0 0.598652 0.306818 0.275735 0.022727
0 0.837623 0.307292 0.207108 0.025568
0 0.278799 0.329072 0.363971 0.023674
0 0.598652 0.329545 0.275735 0.024621
0 0.838235 0.329545 0.205882 0.024621
0 0.273897 0.443655 0.354167 0.025568
0 0.593137 0.442708 0.267157 0.023674
0 0.838235 0.442708 0.208333 0.025568
0 0.518995 0.489110 0.844363 0.025568
0 0.372549 0.556818 0.551471 0.026515
0 0.858456 0.557292 0.167892 0.025568
1 0.680760 0.556345 0.018382 0.014205
1 0.711397 0.556818 0.018382 0.015152
1 0.739583 0.556818 0.018382 0.015152
0 0.372549 0.602746 0.551471 0.025568
0 0.710784 0.602273 0.090686 0.024621
0 0.857230 0.602273 0.167892 0.024621
0 0.259191 0.647727 0.324755 0.026515
0 0.494485 0.647727 0.128676 0.024621
0 0.754289 0.648201 0.373775 0.025568
1 0.106005 0.734375 0.018382 0.014205
1 0.104779 0.756629 0.018382 0.013258
