1 0.324086 0.330214 0.030265 0.024064
1 0.322194 0.357398 0.031526 0.023173
1 0.322825 0.417558 0.030265 0.022282
1 0.427491 0.417558 0.030265 0.020499
1 0.532156 0.418004 0.030265 0.021390
1 0.636822 0.418004 0.032787 0.021390
0 0.864439 0.418004 0.177806 0.023173
0 0.629887 0.458111 0.641866 0.023173
0 0.629887 0.495098 0.644388 0.020499
0 0.337327 0.565954 0.061791 0.021390
0 0.394704 0.565508 0.058008 0.020499
0 0.467844 0.565954 0.088272 0.021390
0 0.375158 0.637701 0.134931 0.022282
0 0.701765 0.638592 0.505675 0.022282
0 0.466583 0.674688 0.320303 0.021390
0 0.794451 0.674688 0.317781 0.021390
0 0.629887 0.712121 0.641866 0.023173
1 0.322825 0.771836 0.030265 0.021390
1 0.409206 0.773619 0.031526 0.023173
0 0.628625 0.800357 0.641866 0.023173
0 0.629887 0.822193 0.644388 0.020499
