0 0.293505 0.151042 0.216912 0.014205
0 0.269608 0.171402 0.188725 0.015152
0 0.337623 0.511364 0.285539 0.024621
0 0.338235 0.540720 0.286765 0.022727
0 0.338235 0.571023 0.286765 0.024621
0 0.289216 0.654356 0.384804 0.022727
0 0.343750 0.685133 0.275735 0.025568
0 0.343137 0.745739 0.276961 0.025568
1 0.106005 0.715436 0.018382 0.016098
1 0.174020 0.715909 0.017157 0.015152
1 0.243260 0.715909 0.020833 0.015152
1 0.343750 0.776042 0.275735 0.023674
1 0.166667 0.806345 0.061275 0.025568
1 0.397672 0.806345 0.167892 0.025568
1 0.372549 0.889678 0.218137 0.025568
0 0.799020 0.306818 0.286765 0.024621
0 0.750613 0.352273 0.383578 0.024621
0 0.750000 0.396780 0.384804 0.024621
0 0.872549 0.427083 0.137255 0.024621
0 0.748775 0.508049 0.384804 0.016098
0 0.748775 0.531250 0.384804 0.015152
0 0.748162 0.554451 0.383578 0.014205
0 0.748162 0.576231 0.383578 0.014205
0 0.748775 0.598485 0.384804 0.015152
0 0.748162 0.620739 0.383578 0.016098
0 0.787377 0.662405 0.310049 0.025568
0 0.799020 0.791193 0.286765 0.025568
0 0.799632 0.821496 0.285539 0.023674
0 0.799020 0.851326 0.286765 0.024621
