0 0.308824 0.112216 0.264706 0.023674
0 0.487132 0.133996 0.221814 0.016098
0 0.550245 0.216856 0.674020 0.043561
0 0.552696 0.311080 0.676471 0.038826
0 0.554534 0.381155 0.677696 0.042614
0 0.555760 0.467330 0.680147 0.038826
0 0.556373 0.541193 0.678922 0.040720
0 0.251838 0.590436 0.077206 0.014205
0 0.556985 0.626894 0.682598 0.041667
0 0.256740 0.776515 0.109069 0.024621
0 0.576593 0.812500 0.261029 0.020833
0 0.574142 0.849432 0.256127 0.018939
0 0.574142 0.882576 0.253676 0.022727
3 0.615196 0.774621 0.335784 0.024621
1 0.170956 0.167140 0.018382 0.014205
1 0.169730 0.253788 0.015931 0.013258
1 0.169118 0.341856 0.014706 0.011364
1 0.170956 0.414299 0.018382 0.012311
1 0.170343 0.501420 0.017157 0.012311
1 0.169118 0.572443 0.017157 0.014205
