0 0.351103 0.060133 0.420343 0.014205
0 0.352328 0.085227 0.408088 0.015152
0 0.312500 0.116004 0.073529 0.014205
0 0.448529 0.116477 0.075980 0.015152
0 0.284926 0.139205 0.273284 0.015152
0 0.591299 0.350379 0.692402 0.018939
0 0.588235 0.405303 0.132353 0.017045
0 0.587010 0.432292 0.129902 0.016098
0 0.301471 0.459280 0.056373 0.013258
0 0.436887 0.459280 0.047794 0.013258
0 0.528186 0.501420 0.132353 0.016098
0 0.526961 0.533144 0.132353 0.015152
1 0.618873 0.532197 0.014706 0.011364
1 0.618873 0.546875 0.017157 0.012311
1 0.251838 0.582386 0.015931 0.011364
1 0.251225 0.596591 0.014706 0.011364
0 0.698529 0.596591 0.473039 0.017045
0 0.530025 0.625473 0.116422 0.016098
1 0.251225 0.662405 0.014706 0.010417
1 0.251225 0.676610 0.014706 0.010417
0 0.528799 0.741477 0.096814 0.017045
0 0.526961 0.792140 0.080882 0.016098
0 0.527574 0.831439 0.079657 0.017045
0 0.525123 0.878314 0.087010 0.016098
0 0.892157 0.741951 0.102941 0.016098
0 0.892157 0.791667 0.100490 0.017045
0 0.892770 0.831439 0.099265 0.015152
0 0.892157 0.876420 0.100490 0.017992
