0 0.373775 0.067708 0.421569 0.016098
0 0.375000 0.094697 0.409314 0.015152
0 0.333333 0.126420 0.075980 0.014205
0 0.466912 0.127367 0.073529 0.014205
0 0.309436 0.148674 0.273284 0.015152
0 0.375613 0.315341 0.319853 0.017045
0 0.830270 0.315341 0.172794 0.018939
0 0.455882 0.362689 0.147059 0.020833
0 0.849265 0.366004 0.107843 0.014205
0 0.858456 0.418087 0.099265 0.012311
1 0.119485 0.501894 0.015931 0.011364
1 0.119485 0.516572 0.015931 0.012311
0 0.716912 0.531723 0.313725 0.012311
0 0.519608 0.545928 0.713235 0.012311
0 0.398284 0.568655 0.110294 0.016098
0 0.771446 0.569602 0.109069 0.016098
1 0.118873 0.668087 0.014706 0.010417
1 0.118873 0.682292 0.017157 0.012311
0 0.583333 0.697917 0.575980 0.013258
0 0.518382 0.712121 0.710784 0.013258
0 0.390319 0.733902 0.109069 0.015152
0 0.760417 0.733902 0.111520 0.015152
0 0.478554 0.759943 0.109069 0.016098
0 0.844975 0.760417 0.111520 0.015152
1 0.119485 0.844223 0.015931 0.010417
1 0.119485 0.858902 0.015931 0.011364
0 0.406250 0.917614 0.111520 0.015152
0 0.587623 0.893466 0.606618 0.016098
0 0.772059 0.916193 0.110294 0.016098
