0 0.374387 0.096117 0.420343 0.016098
0 0.375000 0.144886 0.419118 0.015152
0 0.358456 0.187027 0.074755 0.014205
0 0.522059 0.186553 0.115196 0.013258
0 0.264706 0.215909 0.203431 0.015152
0 0.886029 0.097064 0.053922 0.014205
0 0.647059 0.124053 0.024510 0.013258
0 0.732230 0.124053 0.109069 0.013258
0 0.882353 0.146780 0.051471 0.013258
0 0.647059 0.171875 0.026961 0.014205
0 0.733456 0.171875 0.106618 0.014205
0 0.293505 0.347538 0.221814 0.015152
0 0.667892 0.347538 0.267157 0.013258
0 0.243260 0.403883 0.121324 0.016098
3 0.769608 0.401989 0.262255 0.019886
