0 0.498162 0.226326 0.890931 0.107955
0 0.354167 0.362689 0.600490 0.030303
0 0.795956 0.361742 0.297794 0.032197
3 0.355392 0.404830 0.605392 0.025568
0 0.796569 0.405777 0.301471 0.027462
0 0.498162 0.456439 0.770833 0.024621
1 0.091912 0.434186 0.026961 0.019886
1 0.099265 0.085227 0.026961 0.022727
1 0.099265 0.107955 0.026961 0.018939
1 0.099265 0.130208 0.024510 0.021780
1 0.314338 0.084280 0.028186 0.020833
1 0.315564 0.107955 0.028186 0.018939
1 0.531863 0.085227 0.022059 0.018939
1 0.531863 0.108902 0.024510 0.020833
