0 0.370098 0.146780 0.164216 0.024621
0 0.630515 0.147254 0.167892 0.021780
0 0.283088 0.190341 0.377451 0.028409
0 0.666667 0.206913 0.090686 0.025568
0 0.656863 0.240057 0.090686 0.019886
0 0.295343 0.252841 0.365196 0.030303
0 0.289216 0.309186 0.370098 0.035038
0 0.698529 0.309186 0.095588 0.033144
0 0.738971 0.450284 0.286765 0.019886
0 0.735294 0.511837 0.291667 0.021780
0 0.316176 0.463068 0.428922 0.104167
0 0.324755 0.600852 0.421569 0.101326
0 0.735294 0.586648 0.257353 0.033144
0 0.481005 0.698864 0.194853 0.024621
0 0.786765 0.698390 0.215686 0.027462
0 0.206495 0.841856 0.332108 0.035985
0 0.654412 0.839489 0.421569 0.040720
