0 0.624842 0.274955 0.611602 0.054367
1 0.334174 0.161765 0.032787 0.020499
1 0.334174 0.182709 0.035309 0.024955
1 0.334174 0.209893 0.032787 0.024064
1 0.334805 0.341800 0.034048 0.024064
1 0.410467 0.342246 0.031526 0.023173
1 0.891551 0.341800 0.027743 0.020499
1 0.335435 0.382799 0.035309 0.022282
1 0.419294 0.382799 0.034048 0.024064
1 0.334805 0.490642 0.034048 0.022282
1 0.333544 0.510695 0.034048 0.021390
1 0.421185 0.527629 0.035309 0.021390
1 0.421185 0.549465 0.035309 0.022282
1 0.335435 0.612299 0.032787 0.023173
1 0.335435 0.637701 0.032787 0.022282
1 0.336696 0.676916 0.032787 0.022282
1 0.750946 0.677362 0.036570 0.023173
1 0.368852 0.709893 0.034048 0.022282
1 0.368852 0.730392 0.034048 0.020499
1 0.368852 0.751783 0.031526 0.024064
1 0.335435 0.781640 0.035309 0.021390
1 0.334805 0.805704 0.034048 0.023173
1 0.368852 0.822638 0.034048 0.023173
1 0.335435 0.845365 0.035309 0.020499
1 0.334805 0.870321 0.034048 0.022282
1 0.368222 0.886364 0.032787 0.024064
1 0.335435 0.916221 0.035309 0.024955
1 0.335435 0.940731 0.035309 0.024064
1 0.749685 0.780749 0.031526 0.023173
1 0.750315 0.804813 0.035309 0.021390
1 0.750946 0.845811 0.031526 0.021390
1 0.751576 0.869430 0.032787 0.022282
1 0.750315 0.917558 0.030265 0.022282
1 0.749054 0.941176 0.030265 0.023173
0 0.636822 0.341800 0.045397 0.022282
0 0.708701 0.399287 0.446406 0.023173
0 0.570618 0.432709 0.170240 0.022282
0 0.620429 0.677362 0.055485 0.021390
0 0.871375 0.676916 0.118537 0.020499
0 0.619798 0.782086 0.054224 0.020499
0 0.619798 0.805258 0.054224 0.018717
0 0.870744 0.781640 0.117276 0.019608
0 0.870113 0.805258 0.116015 0.020499
0 0.620429 0.846702 0.055485 0.019608
0 0.619798 0.869875 0.054224 0.021390
0 0.870744 0.846257 0.117276 0.018717
0 0.871375 0.869430 0.118537 0.022282
0 0.617907 0.917558 0.052963 0.018717
0 0.871375 0.918004 0.116015 0.021390
0 0.620429 0.941176 0.052963 0.021390
0 0.870744 0.941176 0.117276 0.021390
