0 0.336066 0.059715 0.283733 0.019608
0 0.317781 0.102050 0.317781 0.020499
0 0.272383 0.187166 0.403531 0.019608
1 0.171501 0.214795 0.022699 0.016043
1 0.276166 0.216132 0.022699 0.013369
1 0.466583 0.214795 0.020177 0.016043
0 0.232030 0.254011 0.148802 0.019608
0 0.317781 0.295009 0.317781 0.019608
0 0.317781 0.320856 0.317781 0.019608
0 0.317781 0.343583 0.317781 0.020499
1 0.107818 0.429144 0.021438 0.016934
1 0.107818 0.447861 0.021438 0.013369
0 0.365700 0.586007 0.224464 0.020499
1 0.107818 0.689840 0.021438 0.016043
1 0.107818 0.733512 0.023960 0.016043
0 0.308323 0.710339 0.339218 0.019608
0 0.365700 0.751337 0.224464 0.019608
0 0.362547 0.775401 0.223203 0.019608
0 0.325977 0.808378 0.150063 0.019608
0 0.327869 0.832442 0.148802 0.019608
0 0.308323 0.871658 0.336696 0.019608
0 0.810214 0.058378 0.286255 0.020499
0 0.793190 0.100267 0.317781 0.020499
0 0.752207 0.185829 0.404792 0.020499
1 0.645649 0.214795 0.022699 0.016043
1 0.752837 0.214795 0.022699 0.016043
1 0.940731 0.214795 0.022699 0.016043
0 0.711854 0.254011 0.147541 0.019608
0 0.794451 0.295009 0.317781 0.019608
0 0.793190 0.320856 0.317781 0.019608
0 0.793190 0.344029 0.317781 0.019608
1 0.585750 0.430036 0.021438 0.015152
1 0.585750 0.449198 0.023960 0.016043
0 0.842371 0.585561 0.221942 0.019608
1 0.584489 0.690731 0.021438 0.014260
1 0.585750 0.733512 0.023960 0.014260
0 0.784994 0.710339 0.336696 0.019608
0 0.842371 0.751337 0.221942 0.019608
0 0.842371 0.777184 0.221942 0.019608
0 0.802648 0.808378 0.147541 0.019608
0 0.805801 0.832442 0.148802 0.019608
0 0.786255 0.871658 0.336696 0.019608
