3 0.807062 0.352496 0.269861 0.049020
0 0.711854 0.412656 0.150063 0.021390
0 0.751576 0.455882 0.406053 0.020499
0 0.796343 0.507576 0.321564 0.022282
0 0.796343 0.531194 0.319042 0.021390
0 0.797604 0.555704 0.319042 0.022282
3 0.326608 0.900624 0.262295 0.038324
0 0.235183 0.956774 0.150063 0.020499
0 0.805801 0.847594 0.269861 0.019608
3 0.805801 0.883244 0.269861 0.044563
0 0.745902 0.928253 0.150063 0.020499
1 0.634300 0.951872 0.022699 0.016043
1 0.768600 0.952317 0.023960 0.016934
1 0.929382 0.952317 0.020177 0.015152
