0 0.716912 0.163826 0.465686 0.034091
0 0.358456 0.191761 0.165441 0.021780
0 0.820466 0.223011 0.251225 0.036932
0 0.529412 0.250473 0.835784 0.021780
0 0.351103 0.276989 0.474265 0.017992
0 0.731005 0.279830 0.138480 0.021780
0 0.713235 0.306818 0.465686 0.024621
0 0.522672 0.332860 0.817402 0.023674
0 0.197917 0.479640 0.175245 0.029356
0 0.710784 0.525568 0.460784 0.037879
0 0.707108 0.594223 0.465686 0.052083
1 0.132966 0.222538 0.040441 0.030303
1 0.130515 0.301610 0.033088 0.027462
3 0.709559 0.472538 0.463235 0.041667
