0 0.520245 0.124171 0.836810 0.015166
0 0.520245 0.154976 0.839264 0.014218
1 0.114110 0.206161 0.017178 0.012322
1 0.300613 0.204739 0.017178 0.013270
1 0.418405 0.204739 0.017178 0.013270
1 0.536196 0.204739 0.014724 0.013270
1 0.653988 0.204265 0.017178 0.012322
1 0.114110 0.236493 0.017178 0.012322
1 0.113497 0.295261 0.015951 0.012322
0 0.701227 0.236493 0.055215 0.014218
0 0.291411 0.296682 0.060123 0.013270
0 0.914110 0.221801 0.058896 0.013270
0 0.883436 0.265877 0.120245 0.016114
0 0.363804 0.322749 0.531288 0.016114
0 0.364417 0.350711 0.530061 0.015166
0 0.515951 0.382464 0.838037 0.016114
0 0.788957 0.336493 0.289571 0.036019
0 0.717178 0.438389 0.072393 0.033175
0 0.800613 0.438389 0.050307 0.033175
0 0.894479 0.439336 0.098160 0.033175
0 0.704908 0.499052 0.047853 0.031280
0 0.834356 0.499526 0.166871 0.034123
3 0.366258 0.697630 0.320245 0.020853
0 0.806748 0.700948 0.263804 0.014218
