0 0.626103 0.303922 0.611602 0.021390
0 0.452711 0.344029 0.262295 0.019608
0 0.465952 0.516043 0.288777 0.019608
0 0.779950 0.516043 0.303909 0.019608
0 0.465952 0.549911 0.288777 0.019608
0 0.626103 0.582442 0.606557 0.020499
0 0.626103 0.617201 0.611602 0.020499
0 0.854351 0.675134 0.152585 0.020499
1 0.335435 0.673797 0.035309 0.023173
1 0.336066 0.696524 0.034048 0.022282
1 0.335435 0.721480 0.037831 0.024064
1 0.336066 0.745544 0.034048 0.024064
1 0.335435 0.768271 0.032787 0.023173
1 0.334805 0.826649 0.034048 0.024064
1 0.334174 0.849376 0.035309 0.023173
0 0.837957 0.068182 0.182850 0.024064
