0 0.788603 0.275095 0.312500 0.027462
0 0.501838 0.274621 0.212010 0.028409
0 0.220588 0.276042 0.250000 0.027462
0 0.305760 0.320549 0.420343 0.027462
0 0.731005 0.320549 0.422794 0.027462
0 0.305760 0.365530 0.422794 0.028409
0 0.520221 0.456439 0.846814 0.028409
0 0.877451 0.487216 0.132353 0.027462
0 0.375613 0.639205 0.557598 0.026515
0 0.847426 0.638258 0.187500 0.026515
0 0.373775 0.683712 0.556373 0.026515
0 0.704657 0.683712 0.093137 0.026515
0 0.849265 0.685133 0.191176 0.027462
0 0.238358 0.729167 0.285539 0.030303
0 0.470588 0.728693 0.166667 0.029356
0 0.753064 0.730114 0.386029 0.028409
0 0.287990 0.776042 0.384804 0.027462
0 0.741422 0.775095 0.406863 0.027462
0 0.288603 0.819602 0.388480 0.025568
1 0.544118 0.415720 0.022059 0.017045
1 0.626838 0.414773 0.023284 0.017045
1 0.774510 0.415720 0.022059 0.017045
1 0.832108 0.392045 0.019608 0.017045
1 0.899510 0.392992 0.022059 0.015152
1 0.832721 0.551136 0.020833 0.017045
1 0.900123 0.551136 0.020833 0.018939
1 0.673407 0.638258 0.020833 0.017045
1 0.702206 0.639205 0.022059 0.018939
1 0.734069 0.639205 0.022059 0.017045
