0 0.276166 0.337790 0.413619 0.023173
0 0.336696 0.362745 0.290038 0.023173
0 0.337327 0.389929 0.288777 0.024064
0 0.264817 0.424688 0.148802 0.022282
0 0.338588 0.451872 0.291299 0.023173
0 0.274905 0.492870 0.413619 0.023173
0 0.336696 0.549911 0.290038 0.023173
0 0.336696 0.574866 0.292560 0.023173
0 0.266078 0.611408 0.151324 0.023173
0 0.338588 0.637255 0.291299 0.023173
0 0.801387 0.604278 0.324086 0.023173
0 0.802018 0.631016 0.322825 0.023173
0 0.756620 0.673797 0.413619 0.023173
0 0.801387 0.766488 0.321564 0.023173
0 0.802018 0.808824 0.325347 0.024064
0 0.801387 0.835116 0.324086 0.023173
0 0.801387 0.860963 0.324086 0.023173
0 0.756620 0.914884 0.416141 0.022282
1 0.589533 0.331105 0.026482 0.016934
1 0.588272 0.348039 0.026482 0.016934
1 0.589533 0.409091 0.023960 0.016043
1 0.590794 0.440731 0.023960 0.016934
1 0.846784 0.501783 0.026482 0.017825
1 0.846784 0.519608 0.029004 0.016043
1 0.846784 0.537879 0.023960 0.018717
1 0.848045 0.557487 0.023960 0.015152
