0 0.255990 0.208556 0.088272 0.023173
0 0.360656 0.208111 0.088272 0.022282
0 0.466583 0.208111 0.088272 0.022282
0 0.583228 0.299911 0.646910 0.022282
0 0.582598 0.336898 0.645649 0.021390
0 0.288777 0.403743 0.058008 0.021390
0 0.346784 0.403743 0.060530 0.023173
0 0.419924 0.403743 0.093317 0.023173
0 0.290038 0.475490 0.060530 0.022282
0 0.347415 0.475045 0.059269 0.023173
0 0.420555 0.474153 0.092055 0.021390
1 0.275536 0.532531 0.031526 0.024064
1 0.275536 0.570856 0.031526 0.022282
1 0.274905 0.661765 0.032787 0.022282
1 0.343632 0.662210 0.031526 0.021390
0 0.419294 0.741087 0.319042 0.022282
0 0.746532 0.741087 0.317781 0.022282
1 0.275536 0.828431 0.031526 0.022282
1 0.275536 0.855169 0.031526 0.022282
