1 0.123162 0.195076 0.028186 0.020833
1 0.122549 0.225379 0.024510 0.018939
1 0.121324 0.270360 0.024510 0.017992
1 0.124387 0.302083 0.025735 0.020833
1 0.123775 0.369318 0.019608 0.017045
1 0.122549 0.385890 0.022059 0.019886
1 0.153799 0.439867 0.028186 0.016098
1 0.152574 0.454545 0.028186 0.017045
1 0.153186 0.500473 0.024510 0.017992
1 0.151961 0.514678 0.029412 0.017992
1 0.153186 0.532197 0.026961 0.017045
1 0.155025 0.547822 0.020833 0.017992
1 0.154412 0.575284 0.022059 0.017992
1 0.058824 0.616951 0.022059 0.019886
1 0.056373 0.853693 0.019608 0.016098
1 0.055760 0.632102 0.028186 0.019886
1 0.055147 0.676610 0.019608 0.017992
1 0.054534 0.648201 0.018382 0.016098
1 0.371936 0.618371 0.023284 0.017045
1 0.371324 0.632102 0.022059 0.016098
1 0.371936 0.649148 0.018382 0.014205
1 0.625613 0.618371 0.023284 0.017045
1 0.626838 0.633049 0.025735 0.014205
1 0.625613 0.649148 0.018382 0.016098
1 0.625000 0.678977 0.017157 0.018939
1 0.627451 0.708333 0.022059 0.020833
1 0.626838 0.731534 0.020833 0.014205
1 0.372549 0.677557 0.024510 0.014205
1 0.056373 0.707386 0.019608 0.017045
1 0.056373 0.730587 0.022059 0.016098
1 0.057598 0.747159 0.024510 0.017045
1 0.055760 0.770360 0.023284 0.016098
1 0.056985 0.786458 0.023284 0.014205
1 0.055760 0.799716 0.020833 0.014205
1 0.056985 0.816288 0.023284 0.013258
1 0.370098 0.707860 0.019608 0.017992
1 0.372549 0.731534 0.017157 0.012311
1 0.371936 0.745739 0.020833 0.014205
1 0.371936 0.770360 0.023284 0.016098
1 0.372549 0.786458 0.019608 0.016098
1 0.371324 0.800663 0.022059 0.012311
1 0.373162 0.816761 0.018382 0.016098
1 0.626225 0.746686 0.022059 0.014205
1 0.626225 0.771307 0.022059 0.016098
1 0.625613 0.785985 0.020833 0.013258
1 0.626225 0.800663 0.019608 0.016098
1 0.626838 0.816288 0.020833 0.015152
1 0.626225 0.831913 0.019608 0.014205
0 0.217525 0.100379 0.165441 0.013258
0 0.238971 0.116004 0.176471 0.019886
0 0.199755 0.130682 0.181373 0.018939
