0 0.404161 0.452317 0.263556 0.024064
0 0.404161 0.491533 0.263556 0.024064
0 0.404161 0.530749 0.263556 0.025847
0 0.404792 0.554367 0.262295 0.024955
0 0.692938 0.530303 0.127364 0.026738
0 0.339218 0.577986 0.133670 0.025847
0 0.624842 0.577540 0.263556 0.026738
0 0.403531 0.615865 0.264817 0.024955
0 0.341740 0.654635 0.138714 0.027629
0 0.339849 0.693405 0.132409 0.026738
1 0.285624 0.731283 0.021438 0.015152
1 0.105927 0.782531 0.022699 0.016043
1 0.269231 0.782086 0.023960 0.016934
1 0.432535 0.782531 0.022699 0.017825
1 0.585750 0.782531 0.021438 0.016043
1 0.747793 0.782531 0.022699 0.016043
0 0.409836 0.820410 0.274905 0.025847
