0 0.338848 0.201231 0.285539 0.023674
0 0.338235 0.268939 0.286765 0.024621
0 0.337623 0.298295 0.285539 0.024621
0 0.338848 0.329072 0.285539 0.023674
0 0.342525 0.396780 0.278186 0.024621
1 0.106005 0.427557 0.018382 0.014205
1 0.174632 0.427557 0.018382 0.016098
1 0.243260 0.427557 0.018382 0.016098
0 0.392157 0.427557 0.178922 0.025568
0 0.338235 0.457860 0.286765 0.025568
0 0.167279 0.488163 0.060049 0.023674
0 0.397672 0.487216 0.167892 0.023674
0 0.338235 0.517992 0.286765 0.024621
0 0.337623 0.548769 0.285539 0.021780
0 0.289828 0.593750 0.383578 0.022727
0 0.289216 0.692708 0.384804 0.023674
0 0.288603 0.738636 0.383578 0.022727
0 0.289216 0.784091 0.384804 0.024621
0 0.289216 0.829072 0.384804 0.025568
1 0.568015 0.204072 0.018382 0.016098
0 0.765319 0.321023 0.354167 0.022727
0 0.750000 0.366951 0.384804 0.025568
1 0.725490 0.393466 0.017157 0.014205
1 0.809436 0.393939 0.018382 0.015152
0 0.750000 0.510890 0.384804 0.025568
1 0.568627 0.537405 0.017157 0.016098
0 0.750613 0.639678 0.383578 0.025568
0 0.862745 0.685133 0.159314 0.023674
0 0.759804 0.730587 0.343137 0.023674
1 0.568627 0.711648 0.019608 0.014205
1 0.568627 0.817708 0.019608 0.014205
0 0.750000 0.904830 0.382353 0.023674
