0 0.338235 0.246212 0.286765 0.024621
0 0.338235 0.276989 0.286765 0.025568
0 0.338235 0.306818 0.286765 0.024621
3 0.750000 0.276042 0.387255 0.025568
0 0.863358 0.306818 0.158088 0.022727
0 0.288603 0.389678 0.386029 0.025568
0 0.343137 0.420455 0.276961 0.026515
1 0.107230 0.451231 0.018382 0.014205
1 0.176471 0.450758 0.019608 0.015152
1 0.244485 0.450758 0.018382 0.015152
0 0.392770 0.451231 0.177696 0.025568
0 0.342525 0.481061 0.278186 0.024621
0 0.166667 0.511837 0.063725 0.025568
0 0.396446 0.511364 0.170343 0.026515
0 0.342525 0.541193 0.275735 0.023674
0 0.342525 0.571970 0.278186 0.026515
0 0.289216 0.616951 0.384804 0.023674
0 0.289216 0.700758 0.384804 0.024621
0 0.288603 0.746212 0.386029 0.026515
0 0.288603 0.791667 0.383578 0.026515
0 0.799020 0.412879 0.286765 0.026515
0 0.799020 0.442708 0.286765 0.023674
0 0.799020 0.473011 0.286765 0.025568
0 0.798407 0.609375 0.287990 0.025568
0 0.798407 0.640152 0.287990 0.026515
0 0.799020 0.669981 0.286765 0.025568
