0 0.373563 0.180838 0.550082 0.034264
0 0.843186 0.224619 0.201970 0.030457
0 0.370279 0.225254 0.550082 0.029188
0 0.371921 0.270305 0.546798 0.027919
0 0.693760 0.269036 0.096880 0.035533
0 0.845649 0.270305 0.197044 0.030457
0 0.371921 0.421954 0.540230 0.026650
0 0.373563 0.467005 0.546798 0.027919
0 0.372742 0.512056 0.545156 0.026650
0 0.694581 0.511421 0.088670 0.027919
0 0.843186 0.466371 0.195402 0.024112
0 0.844007 0.511421 0.197044 0.030457
0 0.845649 0.579315 0.193760 0.026650
0 0.372742 0.579949 0.545156 0.027919
0 0.371921 0.625000 0.546798 0.026650
0 0.796388 0.624365 0.292282 0.027919
0 0.241379 0.668782 0.282430 0.025381
0 0.473727 0.668782 0.169130 0.027919
0 0.752053 0.668782 0.377668 0.025381
0 0.755337 0.715736 0.374384 0.025381
0 0.305419 0.714467 0.413793 0.027919
0 0.307061 0.760787 0.410509 0.026650
0 0.251232 0.843274 0.252874 0.026650
0 0.535304 0.843274 0.210181 0.029188
0 0.315271 0.888959 0.433498 0.031726
0 0.739737 0.888325 0.405583 0.027919
0 0.317734 0.933376 0.431856 0.026650
1 0.665846 0.224619 0.021346 0.017766
1 0.694581 0.225254 0.019704 0.019036
1 0.724138 0.225888 0.019704 0.020305
1 0.832512 0.315990 0.019704 0.017766
1 0.899015 0.316624 0.021346 0.016497
1 0.665846 0.465102 0.021346 0.016497
1 0.692939 0.465736 0.019704 0.017766
1 0.724138 0.468274 0.022989 0.017766
1 0.665846 0.579315 0.024631 0.019036
1 0.696223 0.579949 0.019704 0.017766
1 0.724959 0.578680 0.021346 0.017766
