0 0.726716 0.118371 0.414216 0.020833
1 0.055760 0.180398 0.018382 0.014205
0 0.162990 0.140152 0.095588 0.015152
0 0.779412 0.180398 0.325980 0.016098
0 0.490809 0.200758 0.893382 0.017045
0 0.200368 0.220170 0.310049 0.016098
0 0.512255 0.220170 0.174020 0.014205
0 0.673407 0.259470 0.540441 0.018939
0 0.490809 0.279830 0.890931 0.016098
0 0.832721 0.335701 0.207108 0.014205
0 0.197917 0.367898 0.084559 0.016098
0 0.392157 0.367898 0.080882 0.014205
0 0.674632 0.367898 0.077206 0.016098
0 0.161765 0.462595 0.139706 0.016098
0 0.724877 0.525095 0.437500 0.017992
0 0.724877 0.586648 0.437500 0.019886
1 0.055760 0.260417 0.020833 0.017045
3 0.723039 0.474905 0.436275 0.023674
