0 0.326593 0.142519 0.212010 0.021780
0 0.666667 0.143466 0.220588 0.021780
0 0.262868 0.175663 0.253676 0.019886
0 0.238358 0.224432 0.290441 0.020833
0 0.236520 0.301136 0.284314 0.026515
0 0.526961 0.472064 0.323529 0.035038
0 0.666667 0.568182 0.306373 0.030303
0 0.404412 0.713068 0.250000 0.034091
0 0.802083 0.710227 0.251225 0.017045
0 0.832721 0.730114 0.192402 0.018939
3 0.484069 0.853220 0.183824 0.022727
0 0.255515 0.885890 0.121324 0.019886
0 0.460172 0.885890 0.202206 0.019886
0 0.719363 0.176610 0.171569 0.019886
0 0.714461 0.208333 0.181373 0.018939
0 0.742034 0.272254 0.131127 0.021780
