1 0.432535 0.106506 0.022699 0.015152
1 0.432535 0.205437 0.022699 0.015152
0 0.275536 0.324866 0.404792 0.020499
0 0.336066 0.396168 0.283733 0.020499
0 0.336066 0.420232 0.283733 0.020499
0 0.267970 0.453209 0.147541 0.020499
0 0.335435 0.491533 0.282472 0.020499
0 0.334805 0.514706 0.283733 0.018717
0 0.267970 0.547683 0.150063 0.020499
1 0.466583 0.633690 0.022699 0.016043
1 0.109710 0.833333 0.022699 0.014260
1 0.109079 0.852050 0.021438 0.016043
0 0.308323 0.871212 0.336696 0.020499
0 0.401639 0.904635 0.147541 0.019608
0 0.308953 0.947861 0.337957 0.020499
1 0.587642 0.229947 0.022699 0.016043
1 0.587011 0.249109 0.021438 0.015152
1 0.587011 0.415330 0.021438 0.016043
1 0.587011 0.433601 0.021438 0.015152
0 0.721942 0.656417 0.344262 0.020499
