1 0.419786 0.328499 0.012478 0.018916
1 0.446524 0.328499 0.014260 0.021438
1 0.483066 0.329130 0.016043 0.020177
1 0.482175 0.499369 0.016043 0.020177
1 0.482175 0.441362 0.016043 0.020177
1 0.482175 0.384615 0.016043 0.020177
1 0.482175 0.556116 0.016043 0.020177
1 0.481283 0.670870 0.016043 0.020177
1 0.482175 0.727617 0.016043 0.020177
1 0.482175 0.783102 0.016043 0.020177
1 0.482175 0.842371 0.016043 0.020177
1 0.482620 0.613493 0.013369 0.021438
1 0.446524 0.385246 0.014260 0.021438
1 0.446078 0.441992 0.015152 0.018916
1 0.446524 0.499369 0.012478 0.020177
1 0.446524 0.558008 0.014260 0.021438
1 0.446524 0.615385 0.014260 0.020177
1 0.446078 0.670870 0.015152 0.020177
1 0.446970 0.727617 0.013369 0.020177
1 0.446078 0.785624 0.013369 0.020177
1 0.446078 0.843001 0.013369 0.018916
1 0.447415 0.901009 0.012478 0.021438
1 0.482175 0.899748 0.012478 0.021438
1 0.420677 0.900378 0.014260 0.017654
1 0.421123 0.842371 0.013369 0.017654
1 0.420677 0.784363 0.014260 0.017654
1 0.421123 0.728247 0.015152 0.018916
1 0.420677 0.671501 0.014260 0.018916
1 0.420232 0.614124 0.015152 0.017654
1 0.420232 0.556116 0.013369 0.017654
1 0.420677 0.385876 0.014260 0.017654
1 0.420677 0.441992 0.014260 0.016393
1 0.421123 0.499369 0.013369 0.017654
