1 0.122549 0.218277 0.024510 0.017992
1 0.122549 0.232955 0.026961 0.022727
1 0.154412 0.263258 0.019608 0.017045
1 0.153186 0.332860 0.024510 0.017992
1 0.155025 0.412879 0.025735 0.015152
1 0.154412 0.479167 0.022059 0.018939
1 0.124387 0.541667 0.023284 0.018939
1 0.125000 0.612216 0.019608 0.017992
1 0.122549 0.640625 0.022059 0.017992
1 0.153186 0.678030 0.024510 0.018939
1 0.152574 0.710227 0.023284 0.018939
1 0.156250 0.727746 0.023284 0.016098
1 0.124387 0.750473 0.023284 0.019886
1 0.094363 0.891098 0.019608 0.015152
0 0.908088 0.548295 0.132353 0.028409
0 0.694240 0.676610 0.555147 0.023674
0 0.573529 0.698390 0.794118 0.019886
0 0.365809 0.803977 0.295343 0.020833
0 0.398897 0.821023 0.278186 0.015152
0 0.500613 0.833807 0.145833 0.023674
0 0.664216 0.830492 0.139706 0.028409
0 0.317402 0.847538 0.110294 0.020833
0 0.431985 0.850379 0.089461 0.018939
0 0.224877 0.862216 0.091912 0.023674
0 0.367034 0.863636 0.111520 0.024621
