1 0.107230 0.127841 0.023284 0.018939
1 0.107843 0.166667 0.022059 0.017045
1 0.832108 0.605587 0.022059 0.017992
1 0.890319 0.605114 0.023284 0.017045
1 0.832721 0.811080 0.023284 0.017992
1 0.890931 0.810133 0.022059 0.019886
0 0.518995 0.298769 0.849265 0.029356
0 0.309436 0.366477 0.427696 0.030303
0 0.736520 0.367424 0.419118 0.026515
0 0.755515 0.428504 0.378676 0.027462
0 0.303922 0.428504 0.419118 0.027462
0 0.294118 0.488163 0.397059 0.027462
0 0.520221 0.578598 0.846814 0.026515
0 0.696078 0.670455 0.223039 0.026515
0 0.311275 0.669981 0.225490 0.027462
0 0.303309 0.738163 0.417892 0.027462
0 0.719363 0.737689 0.404412 0.028409
0 0.303922 0.783617 0.416667 0.025568
