1 0.772383 0.216578 0.021438 0.014260
1 0.848045 0.216578 0.018916 0.014260
1 0.924968 0.215686 0.018916 0.012478
1 0.771753 0.245098 0.020177 0.014260
1 0.771753 0.273619 0.020177 0.014260
1 0.846784 0.245098 0.018916 0.014260
1 0.924338 0.244652 0.020177 0.015152
1 0.847415 0.273619 0.017654 0.014260
1 0.924338 0.273619 0.020177 0.012478
1 0.771753 0.302139 0.020177 0.014260
1 0.848045 0.302139 0.021438 0.014260
1 0.924338 0.302139 0.020177 0.014260
1 0.771753 0.330660 0.020177 0.012478
1 0.847415 0.330660 0.020177 0.012478
1 0.924968 0.330660 0.018916 0.014260
1 0.771753 0.359180 0.020177 0.012478
1 0.846784 0.359626 0.018916 0.013369
1 0.924338 0.359626 0.020177 0.013369
1 0.771753 0.388146 0.020177 0.013369
1 0.847415 0.388146 0.020177 0.013369
1 0.924338 0.387701 0.020177 0.014260
1 0.771753 0.416667 0.020177 0.013369
1 0.848045 0.416667 0.018916 0.015152
1 0.924338 0.416667 0.020177 0.015152
1 0.771122 0.444742 0.018916 0.014260
1 0.848045 0.445633 0.018916 0.014260
1 0.924338 0.445187 0.020177 0.013369
1 0.771753 0.474153 0.020177 0.014260
1 0.847415 0.473708 0.020177 0.013369
1 0.924338 0.473708 0.020177 0.015152
1 0.771753 0.502674 0.020177 0.014260
1 0.847415 0.503119 0.017654 0.013369
1 0.924338 0.502674 0.020177 0.012478
1 0.771753 0.530749 0.020177 0.015152
1 0.847415 0.530749 0.020177 0.013369
1 0.923707 0.530749 0.021438 0.013369
1 0.771122 0.558824 0.018916 0.014260
1 0.846784 0.559269 0.018916 0.013369
1 0.924338 0.559269 0.020177 0.013369
1 0.771753 0.588235 0.020177 0.014260
1 0.848676 0.588681 0.020177 0.013369
1 0.924338 0.588235 0.020177 0.014260
1 0.771753 0.616756 0.020177 0.014260
1 0.848045 0.616756 0.021438 0.014260
1 0.924338 0.616756 0.020177 0.014260
1 0.771753 0.645722 0.020177 0.013369
1 0.848045 0.645722 0.018916 0.013369
1 0.924338 0.645276 0.020177 0.014260
1 0.771753 0.674242 0.020177 0.013369
1 0.847415 0.674242 0.017654 0.013369
1 0.924338 0.674688 0.020177 0.014260
1 0.924338 0.702763 0.020177 0.013369
1 0.771753 0.702763 0.020177 0.013369
1 0.847415 0.703209 0.017654 0.014260
1 0.771753 0.731283 0.020177 0.013369
1 0.847415 0.731729 0.020177 0.014260
1 0.924338 0.731729 0.020177 0.014260
