0 0.400735 0.147254 0.156863 0.025568
1 0.300858 0.187973 0.015931 0.014205
1 0.384804 0.187973 0.019608 0.014205
0 0.346201 0.252367 0.265931 0.023674
0 0.322917 0.282670 0.314951 0.023674
0 0.287990 0.327652 0.382353 0.024621
0 0.370711 0.419508 0.216912 0.022727
0 0.302083 0.486742 0.214461 0.022727
0 0.303922 0.517992 0.215686 0.022727
0 0.302083 0.547348 0.214461 0.024621
0 0.303309 0.578598 0.216912 0.024621
0 0.342525 0.639205 0.278186 0.024621
0 0.392770 0.669508 0.177696 0.022727
0 0.341912 0.699811 0.274510 0.022727
1 0.106618 0.669508 0.019608 0.015152
1 0.176471 0.669508 0.019608 0.015152
1 0.243260 0.670455 0.018382 0.015152
0 0.166667 0.730114 0.061275 0.024621
0 0.397059 0.731061 0.166667 0.022727
0 0.342525 0.759943 0.275735 0.023674
0 0.287990 0.806345 0.382353 0.025568
0 0.376838 0.835701 0.204657 0.023674
0 0.376838 0.865530 0.204657 0.024621
