0 0.361520 0.216383 0.154412 0.012311
0 0.650123 0.216383 0.160539 0.012311
0 0.674020 0.229167 0.110294 0.013258
0 0.485907 0.229167 0.037990 0.015152
0 0.311275 0.242898 0.107843 0.012311
0 0.418505 0.242898 0.062500 0.014205
0 0.479167 0.354167 0.232843 0.013258
0 0.464461 0.378314 0.215686 0.017992
0 0.430147 0.435133 0.247549 0.017992
0 0.431373 0.462595 0.247549 0.019886
3 0.438113 0.487689 0.238971 0.017045
3 0.439951 0.528883 0.250000 0.019886
0 0.430760 0.557292 0.187500 0.019886
0 0.401961 0.609848 0.174020 0.018939
3 0.404412 0.640152 0.169118 0.017045
0 0.414216 0.664773 0.149510 0.017045
0 0.406863 0.690814 0.178922 0.019886
3 0.408088 0.747633 0.176471 0.017992
0 0.420956 0.770833 0.160539 0.022727
