0 0.337623 0.031250 0.479167 0.026515
0 0.787990 0.031723 0.174020 0.025568
0 0.316789 0.243371 0.361520 0.022727
0 0.317402 0.312973 0.362745 0.036932
0 0.577819 0.243845 0.084559 0.019886
0 0.737132 0.244318 0.094363 0.018939
0 0.873162 0.244792 0.082108 0.017992
0 0.735907 0.321970 0.094363 0.018939
0 0.870711 0.322443 0.082108 0.017992
0 0.577819 0.321496 0.084559 0.019886
0 0.246324 0.576705 0.220588 0.020833
0 0.246324 0.607008 0.220588 0.020833
0 0.498162 0.577178 0.197304 0.019886
0 0.496936 0.607481 0.197304 0.019886
0 0.675245 0.578125 0.090686 0.021780
0 0.672794 0.607481 0.090686 0.021780
0 0.768995 0.578125 0.042892 0.019886
0 0.768995 0.607481 0.042892 0.019886
0 0.886029 0.577652 0.066176 0.018939
0 0.886029 0.607955 0.066176 0.018939
1 0.110907 0.099905 0.015931 0.012311
1 0.110294 0.121212 0.017157 0.013258
1 0.097426 0.464489 0.015931 0.014205
1 0.096814 0.485795 0.017157 0.013258
1 0.097426 0.756629 0.015931 0.013258
1 0.096201 0.778409 0.018382 0.013258
1 0.538603 0.281723 0.015931 0.012311
1 0.537990 0.295455 0.014706 0.013258
1 0.537377 0.356534 0.018382 0.014205
1 0.539216 0.372159 0.017157 0.013258
