1 0.467525 0.159091 0.015931 0.009470
1 0.466912 0.176610 0.012255 0.008523
1 0.467525 0.238163 0.013480 0.010417
1 0.466299 0.257102 0.013480 0.010417
1 0.096201 0.434186 0.018382 0.014205
1 0.096201 0.452652 0.015931 0.013258
1 0.097426 0.471591 0.015931 0.013258
1 0.098039 0.568655 0.017157 0.014205
0 0.338235 0.034564 0.480392 0.021780
0 0.787990 0.033144 0.171569 0.024621
0 0.193015 0.125000 0.140931 0.018939
0 0.195466 0.204545 0.140931 0.018939
0 0.373162 0.125473 0.128676 0.017992
0 0.371324 0.204072 0.127451 0.019886
0 0.505515 0.125473 0.079657 0.017992
0 0.505515 0.204072 0.079657 0.019886
0 0.633578 0.124527 0.063725 0.019886
0 0.633578 0.203125 0.061275 0.021780
0 0.754289 0.123580 0.123775 0.019886
0 0.754902 0.151989 0.125000 0.016098
0 0.754902 0.202652 0.122549 0.022727
0 0.754902 0.231061 0.125000 0.017045
0 0.890931 0.123106 0.071078 0.022727
0 0.887868 0.203125 0.067402 0.023674
0 0.322304 0.470170 0.318627 0.019886
0 0.481005 0.655303 0.795343 0.020833
0 0.479779 0.676136 0.795343 0.020833
0 0.477328 0.697917 0.795343 0.020833
0 0.478554 0.719697 0.795343 0.020833
0 0.477328 0.740530 0.795343 0.020833
