0 0.666667 0.247633 0.093137 0.016098
0 0.582108 0.262311 0.259804 0.013258
0 0.311275 0.276989 0.112745 0.014205
0 0.512255 0.300189 0.250000 0.017045
0 0.530025 0.343277 0.251225 0.014205
0 0.428309 0.608902 0.202206 0.013258
0 0.530025 0.358902 0.251225 0.013258
0 0.535539 0.371686 0.250000 0.014205
0 0.685662 0.598958 0.155637 0.029356
0 0.428309 0.635417 0.202206 0.013258
0 0.425858 0.660511 0.199755 0.016098
0 0.686275 0.660511 0.154412 0.014205
0 0.430760 0.687973 0.209559 0.014205
0 0.719363 0.714489 0.154412 0.016098
0 0.418505 0.717330 0.199755 0.016098
0 0.425858 0.769886 0.207108 0.015152
0 0.423407 0.795455 0.199755 0.018939
0 0.685662 0.796402 0.153186 0.018939
0 0.420956 0.825758 0.207108 0.017045
0 0.582108 0.913826 0.632353 0.068182
0 0.422794 0.398201 0.115196 0.014205
0 0.580270 0.398201 0.099265 0.014205
0 0.659314 0.396780 0.022059 0.013258
3 0.718137 0.624527 0.147059 0.016098
3 0.709559 0.743845 0.154412 0.019886
3 0.714461 0.677083 0.137255 0.017045
3 0.721814 0.816761 0.149510 0.017992
