0 0.445466 0.242424 0.435049 0.028409
0 0.253064 0.293561 0.167892 0.022727
0 0.221814 0.404830 0.276961 0.029356
0 0.221814 0.444602 0.276961 0.029356
0 0.221814 0.487216 0.276961 0.029356
0 0.221814 0.526042 0.276961 0.029356
0 0.496936 0.405777 0.226716 0.027462
0 0.498775 0.446023 0.227941 0.028409
0 0.496936 0.484848 0.226716 0.028409
0 0.498775 0.524621 0.227941 0.028409
0 0.775123 0.406723 0.280637 0.027462
0 0.773284 0.446970 0.279412 0.028409
0 0.773284 0.485795 0.279412 0.028409
0 0.775123 0.525568 0.280637 0.028409
0 0.803922 0.597538 0.250000 0.028409
0 0.195466 0.757102 0.165441 0.027462
3 0.684436 0.755682 0.488971 0.030303
