0 0.372549 0.094697 0.416667 0.020833
0 0.886642 0.096591 0.052696 0.015152
0 0.648284 0.124053 0.034314 0.017045
0 0.732843 0.124053 0.107843 0.017045
0 0.882966 0.145360 0.052696 0.016098
0 0.732843 0.170455 0.105392 0.018939
0 0.648897 0.169981 0.028186 0.017992
0 0.374387 0.143466 0.420343 0.019886
0 0.358456 0.186080 0.077206 0.017992
0 0.522672 0.186553 0.113971 0.017045
0 0.262868 0.212595 0.199755 0.021780
0 0.293505 0.345170 0.221814 0.021780
0 0.669730 0.344223 0.275735 0.019886
0 0.242034 0.400095 0.118873 0.021780
0 0.772059 0.398201 0.264706 0.025568
