0 0.392770 0.158617 0.180147 0.014205
0 0.729167 0.158617 0.144608 0.016098
0 0.560662 0.172348 0.042892 0.013258
0 0.731005 0.173295 0.050245 0.011364
0 0.275123 0.187027 0.042892 0.014205
0 0.330270 0.187973 0.030637 0.014205
0 0.488358 0.338542 0.216912 0.017992
0 0.371324 0.355114 0.142157 0.015152
0 0.507966 0.378314 0.263480 0.017992
0 0.676471 0.405777 0.250000 0.021780
0 0.373775 0.421402 0.139706 0.015152
0 0.507966 0.445549 0.278186 0.021780
0 0.517770 0.516098 0.300245 0.022727
0 0.534314 0.560133 0.281863 0.017992
0 0.533088 0.576705 0.279412 0.011364
0 0.533088 0.590436 0.279412 0.012311
0 0.530637 0.612689 0.274510 0.018939
0 0.534314 0.633523 0.276961 0.009470
0 0.534314 0.646307 0.276961 0.010417
0 0.425858 0.711648 0.214461 0.016098
3 0.444853 0.749527 0.257353 0.019886
0 0.370711 0.766098 0.140931 0.013258
3 0.447917 0.792614 0.256127 0.017045
0 0.373162 0.810133 0.138480 0.012311
3 0.436887 0.831439 0.226716 0.018939
0 0.324755 0.851326 0.142157 0.011364
0 0.435662 0.874527 0.187500 0.017992
3 0.762255 0.345644 0.122549 0.028409
3 0.762255 0.424242 0.105392 0.017045
