0 0.473652 0.158617 0.265931 0.017992
0 0.533088 0.186080 0.279412 0.016098
0 0.534314 0.201705 0.281863 0.011364
0 0.534314 0.215436 0.284314 0.012311
0 0.533701 0.243845 0.280637 0.010417
0 0.534314 0.257576 0.279412 0.011364
0 0.534314 0.270833 0.276961 0.009470
0 0.425858 0.348958 0.216912 0.017992
0 0.411152 0.405777 0.187500 0.014205
0 0.411152 0.433239 0.194853 0.016098
0 0.411765 0.459754 0.178922 0.017992
0 0.434436 0.484848 0.187500 0.018939
3 0.695466 0.403883 0.143382 0.021780
3 0.648284 0.432292 0.142157 0.017992
3 0.697917 0.459754 0.153186 0.019886
