0 0.668505 0.214489 0.084559 0.017992
0 0.585172 0.229167 0.229167 0.013258
0 0.339461 0.243845 0.166667 0.014205
0 0.529412 0.266098 0.254902 0.018939
0 0.577206 0.309186 0.272059 0.017992
0 0.580270 0.325758 0.280637 0.011364
0 0.584559 0.339489 0.291667 0.012311
0 0.440564 0.362689 0.150735 0.017045
0 0.625613 0.361742 0.133578 0.018939
0 0.733456 0.360795 0.047794 0.020833
0 0.476716 0.643939 0.235294 0.015152
3 0.694853 0.642045 0.139706 0.017045
0 0.460172 0.669508 0.194853 0.018939
0 0.476716 0.697917 0.227941 0.018939
3 0.694853 0.696970 0.142157 0.018939
0 0.503064 0.725379 0.280637 0.018939
0 0.457721 0.752367 0.189951 0.016098
0 0.693015 0.750473 0.143382 0.019886
0 0.500613 0.809186 0.287990 0.016098
0 0.456495 0.834754 0.189951 0.017992
3 0.700368 0.833807 0.158088 0.021780
0 0.501838 0.873580 0.292892 0.021780
0 0.589461 0.937027 0.634804 0.023674
