1 0.164168 0.161833 0.019490 0.022042
1 0.289355 0.166473 0.023988 0.029002
1 0.302099 0.218097 0.022489 0.025522
1 0.227136 0.245940 0.025487 0.023202
1 0.202399 0.279002 0.026987 0.026682
1 0.162669 0.363689 0.031484 0.024362
1 0.161169 0.392111 0.022489 0.018561
1 0.247376 0.420534 0.017991 0.019722
1 0.242879 0.450696 0.032984 0.026682
1 0.239880 0.535383 0.023988 0.019722
1 0.272864 0.565545 0.026987 0.024362
1 0.276612 0.589327 0.022489 0.020882
1 0.229385 0.614269 0.023988 0.017401
1 0.228636 0.645592 0.022489 0.017401
0 0.505997 0.804524 0.805097 0.168213
