0 0.275401 0.543506 0.117647 0.839849
1 0.852941 0.170870 0.019608 0.031526
1 0.852941 0.299496 0.019608 0.031526
1 0.799465 0.318411 0.019608 0.031526
1 0.776292 0.244010 0.019608 0.031526
1 0.745098 0.215006 0.019608 0.031526
1 0.668449 0.169609 0.019608 0.031526
1 0.641711 0.175914 0.019608 0.031526
1 0.618538 0.267970 0.019608 0.031526
1 0.586453 0.252837 0.019608 0.031526
1 0.510695 0.251576 0.019608 0.031526
1 0.487522 0.281841 0.019608 0.031526
1 0.459893 0.299496 0.019608 0.031526
1 0.437611 0.242749 0.019608 0.031526
1 0.406417 0.241488 0.019608 0.031526
