1 0.169435 0.159091 0.029900 0.020202
1 0.295681 0.159091 0.029900 0.025253
1 0.324751 0.215278 0.031561 0.026515
1 0.245847 0.243056 0.036545 0.023990
1 0.215116 0.270202 0.041528 0.027778
1 0.171096 0.356692 0.036545 0.018939
1 0.170266 0.383207 0.024917 0.013889
1 0.263289 0.413510 0.034884 0.023990
1 0.253322 0.443182 0.041528 0.022727
1 0.249169 0.522096 0.036545 0.021465
1 0.282392 0.551136 0.033223 0.021465
1 0.295681 0.579545 0.029900 0.020202
1 0.243355 0.607955 0.038206 0.021465
1 0.245017 0.635101 0.048173 0.022727
0 0.546512 0.775884 0.837209 0.132576
