0 0.306595 0.549811 0.081996 0.842371
1 0.857398 0.154477 0.016043 0.026482
1 0.860963 0.281841 0.016043 0.026482
1 0.807487 0.303279 0.016043 0.026482
1 0.782531 0.228878 0.016043 0.026482
1 0.755793 0.198613 0.016043 0.026482
1 0.680036 0.160782 0.016043 0.026482
1 0.653298 0.155738 0.016043 0.026482
1 0.623886 0.246532 0.016043 0.026482
1 0.602496 0.245271 0.016043 0.026482
1 0.524064 0.235183 0.016043 0.026482
1 0.495544 0.265448 0.016043 0.026482
1 0.467023 0.278058 0.016043 0.026482
1 0.447415 0.232661 0.016043 0.026482
1 0.415330 0.221311 0.016043 0.026482
