0 0.356873 0.353832 0.100883 0.023173
0 0.470996 0.354724 0.102144 0.023173
0 0.586381 0.353832 0.100883 0.023173
0 0.464061 0.450980 0.312736 0.023173
0 0.791929 0.451426 0.325347 0.022282
0 0.423707 0.512032 0.229508 0.022282
0 0.375158 0.598485 0.134931 0.020499
0 0.703026 0.600267 0.503153 0.020499
0 0.464061 0.637255 0.312736 0.023173
0 0.790668 0.637701 0.322825 0.022282
1 0.322194 0.701426 0.034048 0.023173
1 0.408575 0.701426 0.032787 0.023173
1 0.322194 0.934492 0.034048 0.022282
1 0.408575 0.934938 0.032787 0.023173
