0 0.284363 0.296346 0.097100 0.020499
0 0.399748 0.297683 0.098361 0.023173
0 0.512610 0.297237 0.097100 0.022282
0 0.605296 0.454991 0.650694 0.022282
0 0.605296 0.492870 0.645649 0.023173
0 0.385876 0.568627 0.209332 0.023173
0 0.353090 0.648396 0.138714 0.020499
0 0.678436 0.646613 0.501892 0.020499
0 0.438209 0.684492 0.308953 0.023173
0 0.766709 0.684492 0.327869 0.023173
0 0.349306 0.763369 0.136192 0.022282
0 0.677175 0.763815 0.504414 0.021390
0 0.439470 0.800357 0.311475 0.023173
0 0.764817 0.801248 0.326608 0.023173
0 0.894704 0.866310 0.061791 0.019608
0 0.897226 0.887255 0.061791 0.020499
0 0.895965 0.908200 0.059269 0.023173
0 0.895334 0.928699 0.063052 0.019608
