0 0.416772 0.196970 0.313997 0.021390
0 0.745902 0.196970 0.324086 0.021390
0 0.373897 0.359626 0.230769 0.022282
0 0.582598 0.426025 0.645649 0.021390
0 0.376419 0.483066 0.233291 0.021390
0 0.415511 0.559715 0.311475 0.021390
0 0.745271 0.559269 0.322825 0.020499
0 0.416772 0.656417 0.311475 0.022282
0 0.743380 0.657308 0.324086 0.020499
0 0.668979 0.743316 0.117276 0.023173
0 0.668979 0.782977 0.475410 0.020499
0 0.722573 0.868093 0.229508 0.021390
1 0.274905 0.255793 0.035309 0.024955
1 0.360656 0.256239 0.032787 0.024064
1 0.274905 0.617201 0.032787 0.020499
1 0.360656 0.618093 0.030265 0.022282
1 0.273644 0.715241 0.030265 0.022282
1 0.361917 0.714795 0.030265 0.021390
1 0.273644 0.840463 0.032787 0.023173
1 0.361917 0.840909 0.030265 0.022282
1 0.274905 0.937166 0.032787 0.022282
1 0.624212 0.937166 0.032787 0.022282
