1 0.156206 0.163594 0.030683 0.023041
1 0.278243 0.161866 0.020921 0.014977
1 0.301953 0.222926 0.023710 0.014977
1 0.219665 0.252880 0.020921 0.008065
1 0.195258 0.286290 0.033473 0.021889
1 0.153417 0.378456 0.025105 0.017281
1 0.152720 0.402074 0.023710 0.016129
1 0.240586 0.437788 0.026499 0.013825
1 0.237099 0.464286 0.027894 0.016129
1 0.226639 0.558756 0.032078 0.011521
1 0.255927 0.587558 0.020921 0.020737
1 0.271269 0.620392 0.018131 0.014977
1 0.225941 0.648041 0.025105 0.012673
1 0.223152 0.683756 0.022315 0.021889
0 0.551604 0.813940 0.868898 0.111751
