1 0.149287 0.832282 0.016934 0.022699
1 0.150178 0.707440 0.016934 0.022699
1 0.200089 0.694830 0.016934 0.022699
1 0.224153 0.764187 0.016934 0.022699
1 0.256239 0.793190 0.016934 0.022699
1 0.332888 0.833544 0.016934 0.022699
1 0.361408 0.833544 0.016934 0.022699
1 0.383690 0.750315 0.016934 0.022699
1 0.411319 0.751576 0.016934 0.022699
1 0.486185 0.760404 0.016934 0.022699
1 0.512032 0.721311 0.016934 0.022699
1 0.536988 0.718789 0.016934 0.022699
1 0.560160 0.767970 0.016934 0.022699
1 0.591355 0.762926 0.016934 0.022699
0 0.732620 0.482976 0.142602 0.726356
