0 0.280580 0.243316 0.087011 0.023173
0 0.839849 0.324866 0.181589 0.024064
0 0.488651 0.243316 0.087011 0.023173
0 0.383985 0.243316 0.087011 0.023173
0 0.605927 0.364973 0.646910 0.024064
0 0.605927 0.402406 0.646910 0.024064
0 0.605927 0.510695 0.644388 0.021390
0 0.606557 0.548128 0.648172 0.023173
0 0.607188 0.642602 0.649433 0.023173
0 0.607188 0.663993 0.649433 0.023173
0 0.605927 0.785205 0.646910 0.021390
1 0.299496 0.324421 0.036570 0.024955
1 0.404161 0.323975 0.031526 0.022282
1 0.509458 0.323975 0.032787 0.022282
1 0.612863 0.324421 0.032787 0.023173
1 0.300126 0.470143 0.035309 0.024064
1 0.803909 0.469697 0.031526 0.023173
1 0.298865 0.615419 0.030265 0.022282
1 0.385246 0.615419 0.034048 0.024064
1 0.621059 0.730392 0.031526 0.024064
1 0.299496 0.730392 0.031526 0.020499
1 0.300126 0.757576 0.032787 0.023173
1 0.299496 0.848039 0.036570 0.022282
1 0.419294 0.848485 0.034048 0.021390
1 0.540353 0.849376 0.031526 0.024955
0 0.386507 0.926025 0.208071 0.021390
