0 0.589971 0.429472 0.622419 0.019495
0 0.169617 0.460436 0.147493 0.017202
0 0.174779 0.490826 0.154867 0.020642
0 0.589971 0.489106 0.616519 0.017202
0 0.295723 0.327408 0.426254 0.024083
1 0.545723 0.327408 0.032448 0.024083
1 0.587758 0.327982 0.033923 0.022936
1 0.649705 0.327982 0.033923 0.025229
1 0.691740 0.327408 0.032448 0.024083
1 0.733776 0.327982 0.030973 0.022936
1 0.774336 0.327982 0.032448 0.025229
1 0.816372 0.327408 0.033923 0.024083
1 0.857670 0.327408 0.033923 0.024083
1 0.898968 0.327408 0.033923 0.024083
3 0.359882 0.764335 0.389381 0.056193
0 0.230826 0.813647 0.131268 0.021789
1 0.182153 0.853784 0.033923 0.024083
1 0.221976 0.854358 0.033923 0.025229
1 0.285398 0.853784 0.033923 0.024083
1 0.326696 0.854358 0.033923 0.022936
1 0.367994 0.854358 0.033923 0.022936
1 0.410029 0.853784 0.032448 0.024083
1 0.451327 0.853784 0.032448 0.024083
1 0.492625 0.853211 0.032448 0.022936
1 0.533923 0.853784 0.032448 0.024083
0 0.359882 0.899656 0.392330 0.024083
0 0.795723 0.764908 0.272861 0.027523
0 0.794985 0.802179 0.271386 0.026376
