0 0.733387 0.125862 0.413290 0.019540
0 0.731767 0.158621 0.413290 0.018391
0 0.730146 0.190805 0.406807 0.018391
0 0.731767 0.248276 0.410049 0.020690
0 0.726904 0.310345 0.406807 0.018391
0 0.729335 0.372989 0.411669 0.021839
0 0.731767 0.418966 0.403566 0.021839
0 0.728525 0.484483 0.410049 0.019540
0 0.590762 0.571264 0.254457 0.020690
0 0.584279 0.623563 0.270665 0.024138
0 0.583468 0.687931 0.262561 0.024138
3 0.891410 0.574713 0.103728 0.025287
3 0.893031 0.628161 0.103728 0.024138
3 0.893841 0.686207 0.102107 0.022989
