1 0.115038 0.112471 0.013534 0.008159
1 0.115789 0.127622 0.015038 0.010490
1 0.115038 0.142774 0.013534 0.010490
1 0.115038 0.158508 0.013534 0.009324
1 0.115038 0.173077 0.013534 0.010490
1 0.115789 0.187646 0.015038 0.009324
0 0.573684 0.234266 0.726316 0.016317
0 0.885714 0.264569 0.105263 0.016317
0 0.367669 0.312354 0.524812 0.016317
0 0.794737 0.311772 0.278195 0.015152
0 0.506015 0.467366 0.178947 0.018648
0 0.228571 0.498834 0.333835 0.016317
0 0.506767 0.528555 0.183459 0.017483
0 0.776692 0.558275 0.311278 0.018648
0 0.228571 0.620047 0.339850 0.016317
0 0.507519 0.620047 0.178947 0.016317
0 0.771429 0.681235 0.312782 0.017483
0 0.506767 0.712121 0.177444 0.018648
0 0.228571 0.741841 0.342857 0.017483
0 0.774436 0.770979 0.315789 0.017483
0 0.230075 0.832168 0.330827 0.018648
0 0.506767 0.832168 0.177444 0.016317
0 0.774436 0.864219 0.309774 0.019814
0 0.224060 0.892191 0.330827 0.019814
0 0.511278 0.924242 0.171429 0.018648
0 0.773684 0.923077 0.311278 0.018648
