0 0.317708 0.561850 0.206845 0.016185
0 0.320685 0.604046 0.206845 0.012717
0 0.316964 0.630058 0.205357 0.016185
0 0.318452 0.676879 0.208333 0.017341
0 0.316964 0.720809 0.208333 0.015029
0 0.320685 0.789595 0.209821 0.016185
0 0.814732 0.560694 0.233631 0.013873
0 0.571429 0.583237 0.214286 0.015029
0 0.813988 0.605780 0.238095 0.013873
0 0.814732 0.630058 0.236607 0.016185
0 0.193452 0.227746 0.241071 0.016185
0 0.446429 0.227746 0.214286 0.013873
0 0.622768 0.227168 0.102679 0.015029
0 0.811756 0.227746 0.242560 0.013873
0 0.218006 0.260694 0.293155 0.015029
0 0.436012 0.260694 0.107143 0.015029
0 0.623512 0.260116 0.241071 0.013873
0 0.788690 0.259538 0.065476 0.012717
0 0.886905 0.260694 0.101190 0.012717
0 0.149554 0.294220 0.153274 0.012717
0 0.334077 0.295954 0.171131 0.016185
0 0.580357 0.294220 0.294643 0.015029
0 0.842262 0.293064 0.190476 0.012717
3 0.331845 0.463006 0.514881 0.012717
0 0.772321 0.463006 0.318452 0.012717
1 0.308780 0.336416 0.016369 0.011561
1 0.308780 0.352023 0.016369 0.012717
1 0.308780 0.367052 0.016369 0.012717
1 0.308780 0.381503 0.016369 0.011561
0 0.897321 0.387283 0.098214 0.013873
0 0.366815 0.435838 0.132440 0.011561
0 0.543155 0.435838 0.166667 0.011561
0 0.799107 0.435838 0.285714 0.011561
1 0.448661 0.815607 0.016369 0.012717
0 0.847470 0.857803 0.174107 0.013873
0 0.264881 0.894798 0.389881 0.018497
3 0.638393 0.894220 0.306548 0.017341
0 0.873512 0.894220 0.130952 0.017341
0 0.229167 0.932948 0.318452 0.013873
0 0.672619 0.932370 0.535714 0.012717
