0 0.167166 0.309802 0.280360 0.017503
0 0.613943 0.308051 0.292354 0.018670
0 0.816342 0.305718 0.076462 0.018670
0 0.913043 0.338390 0.095952 0.021004
0 0.384558 0.336639 0.136432 0.019837
0 0.165667 0.397900 0.277361 0.018670
0 0.616192 0.399067 0.299850 0.021004
0 0.816342 0.399067 0.076462 0.021004
0 0.612444 0.427655 0.298351 0.019837
0 0.916792 0.458576 0.097451 0.021004
0 0.242879 0.552509 0.428786 0.015169
0 0.242129 0.574096 0.427286 0.016336
0 0.242129 0.598016 0.427286 0.015169
1 0.473763 0.570012 0.029985 0.024504
1 0.589205 0.570012 0.029985 0.024504
1 0.698651 0.569428 0.029985 0.023337
1 0.699400 0.593349 0.031484 0.024504
3 0.411544 0.745041 0.691154 0.017503
0 0.871814 0.742707 0.184408 0.017503
3 0.260870 0.806884 0.389805 0.015169
0 0.718891 0.805718 0.484258 0.015169
3 0.260870 0.843641 0.389805 0.016336
0 0.719640 0.843057 0.482759 0.015169
0 0.166417 0.903734 0.266867 0.017503
0 0.401799 0.904317 0.161919 0.018670
3 0.633433 0.903151 0.253373 0.016336
0 0.871814 0.903151 0.181409 0.016336
0 0.266117 0.128355 0.445277 0.014002
0 0.611694 0.127771 0.206897 0.012835
0 0.848576 0.127188 0.215892 0.014002
0 0.730135 0.175029 0.446777 0.016336
1 0.203898 0.146441 0.020990 0.015169
1 0.203898 0.162777 0.020990 0.015169
1 0.203148 0.178530 0.022489 0.016336
0 0.259370 0.225204 0.455772 0.018670
0 0.617691 0.225204 0.218891 0.018670
0 0.851574 0.225204 0.221889 0.016336
