0 0.361573 0.189977 0.372163 0.018648
0 0.500756 0.225524 0.223903 0.017483
0 0.634644 0.329254 0.434191 0.019814
0 0.695159 0.364802 0.313162 0.018648
0 0.683812 0.400350 0.323752 0.017483
0 0.681543 0.435315 0.322239 0.017483
0 0.786687 0.470862 0.096823 0.016317
0 0.377458 0.543124 0.195159 0.018648
0 0.742814 0.542541 0.196672 0.017483
0 0.701967 0.577506 0.278366 0.017483
0 0.367625 0.612471 0.214826 0.017483
0 0.705749 0.611888 0.273828 0.018648
0 0.582451 0.648019 0.520424 0.018648
0 0.572617 0.681818 0.552194 0.018648
0 0.394100 0.769814 0.279879 0.026807
0 0.590015 0.768065 0.072617 0.020979
0 0.841150 0.768648 0.154312 0.022145
0 0.589259 0.801865 0.071104 0.020979
0 0.693646 0.802448 0.098336 0.019814
0 0.390318 0.837995 0.278366 0.020979
0 0.694402 0.839161 0.105900 0.020979
0 0.841150 0.839161 0.154312 0.023310
0 0.393343 0.872960 0.284418 0.020979
0 0.592284 0.874126 0.074130 0.018648
0 0.838880 0.872378 0.146747 0.019814
