1 0.334983 0.073256 0.023102 0.018605
1 0.421617 0.073256 0.024752 0.018605
0 0.562706 0.117442 0.277228 0.011628
0 0.818482 0.116860 0.191419 0.010465
0 0.820957 0.133721 0.193069 0.011628
0 0.565182 0.150581 0.278878 0.010465
0 0.672442 0.185465 0.496700 0.010465
0 0.852310 0.222093 0.140264 0.011628
0 0.852310 0.241279 0.140264 0.012791
0 0.877888 0.262209 0.062706 0.012791
1 0.334983 0.328488 0.023102 0.017442
1 0.420792 0.327907 0.023102 0.016279
0 0.560231 0.372093 0.278878 0.009302
0 0.815182 0.372674 0.201320 0.010465
0 0.815182 0.388372 0.198020 0.009302
0 0.669142 0.422093 0.500000 0.011628
0 0.669142 0.438953 0.503300 0.010465
0 0.853135 0.459302 0.145215 0.011628
0 0.853135 0.479070 0.145215 0.011628
0 0.878713 0.499419 0.054455 0.010465
1 0.335809 0.554070 0.024752 0.017442
1 0.421617 0.554651 0.024752 0.016279
0 0.330858 0.614535 0.285479 0.010465
0 0.613036 0.613953 0.133663 0.009302
0 0.757426 0.614535 0.089109 0.010465
0 0.876238 0.613953 0.092409 0.009302
0 0.325908 0.648256 0.278878 0.010465
0 0.510726 0.648837 0.047855 0.011628
0 0.613861 0.630814 0.138614 0.010465
0 0.757426 0.648837 0.089109 0.009302
0 0.875413 0.647093 0.090759 0.010465
1 0.334983 0.718605 0.023102 0.016279
1 0.420792 0.719186 0.023102 0.017442
0 0.865512 0.749419 0.107261 0.010465
0 0.864686 0.782558 0.108911 0.009302
0 0.865512 0.798837 0.103960 0.011628
0 0.863861 0.816279 0.103960 0.009302
