0 0.700884 0.103426 0.429273 0.059645
0 0.703831 0.240482 0.419450 0.049492
0 0.702849 0.423223 0.429273 0.052030
0 0.703340 0.585025 0.422397 0.053299
0 0.702358 0.751904 0.412574 0.041878
1 0.351670 0.078046 0.013752 0.019036
1 0.351670 0.109137 0.013752 0.017766
1 0.352161 0.139594 0.014735 0.017766
1 0.351670 0.180203 0.013752 0.017766
1 0.351670 0.210660 0.013752 0.017766
1 0.351670 0.241117 0.013752 0.017766
1 0.352161 0.387056 0.014735 0.017766
1 0.351179 0.417513 0.014735 0.017766
1 0.351670 0.448604 0.015717 0.019036
1 0.352161 0.551396 0.014735 0.019036
1 0.351670 0.583122 0.015717 0.019036
1 0.351670 0.611675 0.015717 0.020305
1 0.351670 0.717640 0.015717 0.019036
1 0.351670 0.748096 0.013752 0.019036
1 0.352161 0.778553 0.014735 0.019036
