0 0.196809 0.613984 0.265957 0.024677
0 0.538754 0.613984 0.366261 0.017626
0 0.833587 0.675676 0.180851 0.018801
0 0.195289 0.675676 0.268997 0.018801
0 0.543313 0.709166 0.366261 0.024677
0 0.194529 0.742656 0.267477 0.021152
0 0.537234 0.773796 0.366261 0.019976
0 0.835866 0.804935 0.179331 0.023502
0 0.408055 0.170975 0.372340 0.017626
0 0.407295 0.209166 0.373860 0.016451
0 0.386018 0.247944 0.413374 0.016451
1 0.074468 0.351351 0.012158 0.009401
1 0.378419 0.351351 0.012158 0.009401
1 0.665653 0.350764 0.012158 0.008226
1 0.377660 0.394830 0.010638 0.009401
1 0.664134 0.417156 0.012158 0.009401
1 0.377660 0.424794 0.010638 0.008226
1 0.074468 0.416569 0.012158 0.010576
