0 0.534207 0.158439 0.250364 0.034443
0 0.810044 0.158439 0.237263 0.032147
0 0.158661 0.293341 0.197962 0.014925
0 0.413392 0.291619 0.145560 0.013777
0 0.723435 0.293915 0.212518 0.013777
0 0.267831 0.347876 0.416303 0.013777
0 0.641194 0.349598 0.269287 0.014925
0 0.865357 0.349598 0.135371 0.014925
0 0.280932 0.512629 0.084425 0.010333
0 0.379913 0.513777 0.084425 0.010333
0 0.486172 0.512629 0.087336 0.012629
0 0.788210 0.513203 0.088792 0.013777
0 0.280204 0.532147 0.085881 0.010333
0 0.379913 0.550517 0.093159 0.010333
0 0.582242 0.532147 0.090247 0.010333
0 0.687045 0.532147 0.087336 0.010333
0 0.788210 0.550517 0.085881 0.012629
0 0.887191 0.568312 0.088792 0.011481
0 0.585881 0.569460 0.091703 0.011481
0 0.276565 0.567738 0.087336 0.012629
0 0.482533 0.628014 0.088792 0.011481
0 0.787482 0.628588 0.093159 0.010333
0 0.889374 0.648106 0.087336 0.012629
0 0.685590 0.647532 0.087336 0.013777
0 0.280932 0.648680 0.087336 0.013777
0 0.483261 0.664753 0.093159 0.011481
0 0.280204 0.683123 0.085881 0.011481
0 0.585881 0.683697 0.085881 0.012629
0 0.890102 0.683697 0.088792 0.012629
1 0.066958 0.451206 0.017467 0.013777
1 0.248180 0.451206 0.018923 0.013777
1 0.457787 0.451206 0.018923 0.013777
1 0.068413 0.737084 0.017467 0.013777
1 0.068413 0.846728 0.017467 0.014925
