0 0.556769 0.196056 0.103348 0.020882
0 0.679039 0.195476 0.100437 0.019722
0 0.681951 0.249420 0.103348 0.023202
0 0.805677 0.248260 0.103348 0.020882
0 0.552402 0.295824 0.097525 0.016241
0 0.299127 0.366009 0.350801 0.022042
0 0.556041 0.412993 0.104803 0.020882
0 0.681223 0.411253 0.101892 0.017401
0 0.556769 0.463457 0.100437 0.022042
0 0.807860 0.464617 0.101892 0.019722
0 0.556041 0.513341 0.101892 0.017401
0 0.681223 0.513341 0.101892 0.022042
0 0.556041 0.632251 0.104803 0.020882
0 0.808588 0.627610 0.100437 0.020882
0 0.556769 0.685035 0.100437 0.017401
0 0.683406 0.685615 0.100437 0.016241
0 0.806405 0.685035 0.104803 0.022042
0 0.556769 0.737239 0.100437 0.022042
