0 0.469118 0.245977 0.664706 0.020690
0 0.474265 0.312644 0.666176 0.018391
0 0.477206 0.383333 0.672059 0.021839
0 0.474265 0.447126 0.663235 0.016092
0 0.472059 0.520690 0.670588 0.020690
0 0.472059 0.583908 0.647059 0.020690
0 0.471324 0.620115 0.677941 0.021839
0 0.477206 0.723563 0.677941 0.024138
0 0.476471 0.759195 0.673529 0.024138
0 0.479412 0.824138 0.661765 0.020690
0 0.474265 0.894828 0.675000 0.019540
1 0.887500 0.244828 0.013235 0.011494
1 0.886765 0.277586 0.014706 0.012644
1 0.887500 0.312069 0.016176 0.012644
1 0.888235 0.346552 0.014706 0.010345
1 0.887500 0.380460 0.013235 0.011494
1 0.888235 0.414943 0.014706 0.011494
1 0.887500 0.449425 0.016176 0.011494
1 0.888235 0.482759 0.014706 0.011494
1 0.887500 0.516667 0.016176 0.010345
1 0.887500 0.550575 0.016176 0.011494
1 0.887500 0.585632 0.016176 0.012644
1 0.888235 0.618966 0.014706 0.012644
1 0.887500 0.652874 0.016176 0.013793
1 0.887500 0.687356 0.016176 0.011494
1 0.887500 0.721839 0.016176 0.011494
1 0.887500 0.756322 0.016176 0.011494
1 0.888235 0.790230 0.014706 0.012644
1 0.888235 0.823563 0.014706 0.010345
1 0.888235 0.858046 0.014706 0.012644
1 0.887500 0.891954 0.016176 0.011494
