0 0.437815 0.185407 0.146218 0.031100
0 0.636975 0.175837 0.171429 0.043062
0 0.826050 0.174641 0.149580 0.040670
0 0.442017 0.253589 0.154622 0.026316
0 0.628571 0.251196 0.157983 0.026316
0 0.638655 0.303828 0.171429 0.028708
0 0.821008 0.301435 0.146218 0.026316
0 0.637815 0.340909 0.166387 0.019139
0 0.440336 0.391746 0.154622 0.029904
0 0.632773 0.392344 0.159664 0.028708
0 0.826891 0.390550 0.151261 0.039474
0 0.437815 0.437799 0.152941 0.021531
0 0.640336 0.482656 0.164706 0.029904
0 0.640336 0.617225 0.168067 0.023923
0 0.826891 0.616627 0.144538 0.017943
0 0.440336 0.675837 0.154622 0.040670
0 0.635294 0.675239 0.151261 0.032297
0 0.636975 0.748206 0.164706 0.034689
0 0.828571 0.750598 0.154622 0.029904
0 0.434454 0.824163 0.149580 0.031100
0 0.636134 0.825359 0.163025 0.031100
0 0.826891 0.818780 0.144538 0.029904
0 0.439496 0.876794 0.152941 0.021531
0 0.827731 0.876196 0.146218 0.020335
