1 0.344932 0.120209 0.015129 0.015099
0 0.214826 0.185250 0.281392 0.015099
0 0.394856 0.187573 0.027231 0.012776
0 0.431165 0.186411 0.027231 0.012776
0 0.476551 0.186411 0.045386 0.012776
0 0.645991 0.184669 0.260212 0.013937
0 0.867625 0.184088 0.137670 0.012776
0 0.372920 0.215447 0.597579 0.012776
0 0.821483 0.216028 0.229955 0.013937
0 0.506051 0.246225 0.863843 0.013937
0 0.356278 0.412311 0.455371 0.039489
0 0.762481 0.433217 0.087746 0.034843
0 0.878971 0.411150 0.102874 0.030197
0 0.356278 0.495935 0.455371 0.027875
0 0.878215 0.481998 0.107413 0.030197
0 0.652042 0.562137 0.084720 0.027875
0 0.763994 0.563879 0.090772 0.024390
0 0.354009 0.640534 0.453858 0.036005
0 0.879728 0.648664 0.110439 0.029036
0 0.356278 0.804297 0.446293 0.031359
0 0.876702 0.790941 0.098336 0.032520
