0 0.307402 0.152275 0.225076 0.012835
0 0.553625 0.152859 0.228097 0.011669
0 0.813444 0.152859 0.252266 0.011669
0 0.231873 0.177363 0.070997 0.016336
0 0.341390 0.177363 0.075529 0.016336
0 0.454683 0.177946 0.078550 0.017503
0 0.827795 0.177946 0.220544 0.022170
0 0.563444 0.211202 0.731118 0.014002
0 0.299849 0.308051 0.167674 0.016336
0 0.817976 0.309218 0.240181 0.018670
0 0.294562 0.337223 0.163142 0.016336
0 0.633686 0.336056 0.095166 0.018670
0 0.487160 0.362894 0.173716 0.018670
0 0.297583 0.389148 0.172205 0.017503
0 0.818731 0.390315 0.247734 0.015169
0 0.635196 0.414819 0.098187 0.017503
0 0.297583 0.443991 0.172205 0.017503
0 0.817221 0.470245 0.235650 0.018670
0 0.487160 0.497666 0.170695 0.017503
0 0.293807 0.524504 0.167674 0.017503
0 0.815710 0.523337 0.244713 0.017503
0 0.172205 0.653442 0.229607 0.014002
0 0.885196 0.654609 0.117825 0.016336
0 0.171450 0.676779 0.240181 0.016336
0 0.572508 0.675613 0.238671 0.014002
0 0.763595 0.701284 0.104230 0.018670
0 0.170695 0.724621 0.235650 0.014002
0 0.371601 0.724621 0.135952 0.014002
0 0.574018 0.725204 0.241692 0.015169
0 0.885196 0.724621 0.114804 0.016336
0 0.223565 0.836056 0.338369 0.015169
0 0.609517 0.837223 0.113293 0.015169
0 0.477341 0.859393 0.126888 0.015169
0 0.224320 0.882147 0.336858 0.016336
0 0.611027 0.882730 0.116314 0.015169
0 0.868580 0.906068 0.145015 0.015169
0 0.225831 0.928821 0.339879 0.016336
0 0.610272 0.928821 0.108761 0.011669
