0 0.370091 0.159302 0.555891 0.025581
0 0.802870 0.159884 0.261329 0.022093
0 0.370091 0.208140 0.555891 0.020930
0 0.804381 0.206977 0.255287 0.020930
0 0.511329 0.251744 0.841390 0.022093
0 0.274924 0.337209 0.344411 0.025581
0 0.703172 0.338372 0.345921 0.027907
0 0.239426 0.459884 0.101208 0.024419
0 0.695619 0.459884 0.107251 0.024419
0 0.848943 0.500000 0.166163 0.020930
0 0.561178 0.500581 0.122356 0.022093
0 0.114048 0.499419 0.098187 0.024419
0 0.395770 0.536047 0.169184 0.020930
0 0.117069 0.572674 0.098187 0.019767
0 0.236405 0.614535 0.107251 0.022093
0 0.563444 0.612791 0.114804 0.020930
0 0.848187 0.575000 0.161631 0.022093
0 0.117825 0.744186 0.090634 0.023256
0 0.843656 0.742442 0.155589 0.024419
0 0.240181 0.780814 0.099698 0.017442
0 0.559668 0.782558 0.113293 0.020930
0 0.399547 0.785465 0.164653 0.022093
0 0.117069 0.819767 0.095166 0.018605
0 0.691843 0.821512 0.105740 0.022093
0 0.396526 0.859302 0.164653 0.023256
0 0.117069 0.896512 0.098187 0.020930
0 0.561934 0.896512 0.117825 0.020930
0 0.848187 0.896512 0.167674 0.023256
