0 0.499246 0.125290 0.880845 0.020882
0 0.499246 0.156032 0.880845 0.019722
0 0.499246 0.186775 0.883861 0.020882
0 0.498492 0.216937 0.885370 0.020882
0 0.498492 0.247100 0.885370 0.018561
0 0.498492 0.276102 0.882353 0.020882
0 0.497738 0.307425 0.883861 0.020882
0 0.498492 0.337007 0.882353 0.022042
0 0.497738 0.366589 0.880845 0.020882
0 0.225490 0.464617 0.333333 0.017401
0 0.774510 0.497100 0.312217 0.019722
0 0.230769 0.527262 0.340875 0.019722
0 0.509050 0.558005 0.179487 0.018561
0 0.776772 0.587587 0.316742 0.017401
0 0.230015 0.586427 0.333333 0.017401
0 0.775264 0.648492 0.313725 0.018561
0 0.509804 0.679234 0.177979 0.019722
0 0.231523 0.710557 0.333333 0.019722
0 0.509050 0.739559 0.179487 0.019722
0 0.775264 0.768561 0.316742 0.019722
0 0.231523 0.830046 0.342383 0.019722
0 0.507541 0.830046 0.170437 0.017401
0 0.778281 0.857889 0.316742 0.019722
0 0.232278 0.918213 0.334842 0.019722
0 0.511312 0.920534 0.180995 0.017401
