0 0.514074 0.225230 0.124444 0.017281
0 0.655556 0.225806 0.128889 0.016129
0 0.806667 0.251728 0.125926 0.017281
0 0.658519 0.251728 0.125926 0.014977
0 0.512593 0.252304 0.124444 0.016129
0 0.657037 0.397465 0.122963 0.016129
0 0.511111 0.424539 0.124444 0.017281
0 0.661481 0.425691 0.128889 0.019585
0 0.806667 0.425115 0.128889 0.018433
0 0.513333 0.561060 0.122963 0.016129
0 0.657037 0.562212 0.122963 0.016129
0 0.804444 0.588710 0.121481 0.016129
0 0.511852 0.588710 0.117037 0.016129
0 0.660000 0.676843 0.440000 0.035714
