0 0.521417 0.162194 0.598023 0.014002
0 0.542834 0.189032 0.548600 0.014002
0 0.566722 0.217036 0.497529 0.014002
0 0.287479 0.245041 0.084020 0.011669
0 0.647446 0.244457 0.355848 0.012835
0 0.315486 0.273046 0.093904 0.011669
0 0.537891 0.272462 0.084020 0.012835
0 0.762768 0.272462 0.108731 0.012835
0 0.599671 0.298133 0.444811 0.015169
0 0.624382 0.325554 0.392092 0.014002
0 0.450577 0.354142 0.110379 0.012835
0 0.736409 0.352975 0.177924 0.015169
0 0.436573 0.380397 0.144975 0.014002
0 0.761120 0.380397 0.131796 0.014002
0 0.542010 0.407235 0.556837 0.014002
0 0.567545 0.437573 0.301483 0.014002
0 0.271829 0.471995 0.168040 0.017503
3 0.729819 0.473162 0.204283 0.015169
0 0.138386 0.624271 0.088962 0.023337
0 0.239703 0.622520 0.080725 0.026838
0 0.442339 0.621354 0.087315 0.024504
0 0.546129 0.621937 0.080725 0.021004
0 0.751236 0.624271 0.085667 0.023337
0 0.341021 0.666278 0.079077 0.021004
0 0.643328 0.665111 0.077430 0.023337
0 0.859967 0.664527 0.095552 0.024504
0 0.135091 0.703034 0.082372 0.022170
0 0.341021 0.707118 0.079077 0.023337
0 0.443987 0.704784 0.084020 0.018670
0 0.747941 0.710035 0.085667 0.019837
0 0.860791 0.707701 0.087315 0.017503
0 0.258649 0.761377 0.144975 0.019837
3 0.674629 0.763127 0.136738 0.016336
0 0.261120 0.889732 0.146623 0.019837
3 0.695222 0.890315 0.135091 0.018670
