0 0.289359 0.232759 0.307580 0.019540
0 0.747085 0.234483 0.225948 0.018391
0 0.289359 0.266667 0.307580 0.020690
0 0.568513 0.298276 0.093294 0.021839
0 0.748542 0.266092 0.237609 0.017241
0 0.287901 0.329310 0.307580 0.019540
0 0.748542 0.331609 0.237609 0.021839
0 0.288630 0.361494 0.309038 0.021839
0 0.571429 0.392529 0.078717 0.017241
0 0.749271 0.391954 0.236152 0.016092
0 0.456268 0.471839 0.201166 0.033333
0 0.497085 0.639655 0.723032 0.047126
0 0.493440 0.727011 0.727405 0.042529
0 0.557580 0.786782 0.599125 0.024138
