0 0.394856 0.108518 0.284418 0.018670
0 0.589259 0.110268 0.068079 0.017503
0 0.841150 0.109102 0.154312 0.017503
0 0.395613 0.143524 0.276853 0.018670
0 0.695159 0.141774 0.104387 0.019837
0 0.392587 0.176196 0.279879 0.018670
0 0.591528 0.177946 0.072617 0.017503
0 0.695159 0.176779 0.101362 0.017503
0 0.841150 0.176779 0.157337 0.015169
0 0.342663 0.310385 0.246596 0.018670
0 0.639183 0.308635 0.131619 0.019837
0 0.785930 0.310968 0.131619 0.019837
0 0.638427 0.343641 0.133132 0.017503
0 0.344932 0.377480 0.251135 0.019837
0 0.522693 0.410735 0.068079 0.018670
0 0.787443 0.378063 0.128593 0.021004
0 0.787443 0.412485 0.134644 0.019837
0 0.344175 0.446324 0.249622 0.019837
0 0.637670 0.446908 0.128593 0.018670
0 0.344175 0.512835 0.246596 0.019837
0 0.523449 0.513419 0.078669 0.018670
0 0.788200 0.514002 0.136157 0.017503
0 0.763994 0.869312 0.178517 0.018670
