0 0.417889 0.055619 0.096774 0.019495
0 0.722141 0.111239 0.456012 0.022936
0 0.186217 0.263188 0.304985 0.021789
0 0.912023 0.262041 0.102639 0.021789
0 0.548387 0.295298 0.102639 0.019495
0 0.420088 0.323968 0.121701 0.021789
0 0.186217 0.385894 0.310850 0.017202
0 0.548387 0.386468 0.102639 0.020642
0 0.678886 0.357225 0.105572 0.017202
0 0.671554 0.446674 0.111437 0.019495
0 0.554985 0.478211 0.098240 0.020642
0 0.798387 0.477638 0.095308 0.019495
0 0.915689 0.415711 0.107038 0.019495
0 0.914956 0.326261 0.105572 0.017202
0 0.188416 0.606078 0.309384 0.024083
0 0.668622 0.572821 0.307918 0.019495
0 0.431085 0.636468 0.117302 0.018349
0 0.909824 0.636468 0.115836 0.018349
0 0.189150 0.728784 0.310850 0.021789
0 0.432551 0.790138 0.120235 0.018349
0 0.905425 0.782110 0.121701 0.025229
0 0.184018 0.820528 0.300587 0.019495
0 0.667155 0.821101 0.313783 0.020642
0 0.186217 0.943807 0.310850 0.020642
0 0.914223 0.943234 0.109971 0.017202
