0 0.500000 0.086028 0.033816 0.012702
0 0.705314 0.085450 0.080515 0.009238
0 0.899356 0.086028 0.078905 0.010393
0 0.609501 0.103349 0.078905 0.010393
0 0.804348 0.120670 0.088567 0.010393
0 0.499195 0.136259 0.035427 0.011547
0 0.613527 0.136259 0.080515 0.011547
0 0.704509 0.155312 0.085346 0.010393
0 0.899356 0.172633 0.078905 0.010393
0 0.500000 0.172633 0.033816 0.012702
0 0.287440 0.538684 0.436393 0.010393
0 0.783414 0.536952 0.088567 0.011547
0 0.574074 0.554273 0.088567 0.011547
0 0.677939 0.571594 0.090177 0.011547
0 0.289050 0.589492 0.442834 0.012702
0 0.892915 0.586028 0.101449 0.010393
0 0.284219 0.620670 0.439614 0.010393
0 0.677939 0.622402 0.093398 0.009238
0 0.893720 0.624134 0.099839 0.012702
0 0.888084 0.680139 0.104670 0.011547
0 0.888889 0.733834 0.106280 0.012702
0 0.888889 0.766744 0.099839 0.013857
0 0.888889 0.784065 0.106280 0.011547
0 0.888084 0.818707 0.101449 0.009238
0 0.888889 0.850462 0.109501 0.008083
0 0.888889 0.889145 0.109501 0.011547
0 0.888084 0.923788 0.104670 0.011547
1 0.404187 0.215935 0.025765 0.018476
1 0.404992 0.236721 0.027375 0.018476
0 0.714171 0.304850 0.471820 0.117783
1 0.192432 0.412240 0.024155 0.016166
1 0.239936 0.412818 0.022544 0.017321
1 0.289050 0.412240 0.024155 0.016166
0 0.576490 0.484411 0.070853 0.017321
0 0.799517 0.484411 0.098229 0.017321
0 0.590982 0.504042 0.099839 0.017321
0 0.801932 0.504619 0.103060 0.018476
