1 0.109076 0.128429 0.020701 0.014963
1 0.206210 0.128429 0.017516 0.014963
1 0.314490 0.128429 0.017516 0.014963
1 0.433121 0.127805 0.019108 0.013716
1 0.563694 0.128429 0.019108 0.012469
0 0.341561 0.171446 0.492038 0.023691
0 0.842357 0.171446 0.197452 0.023691
0 0.279459 0.277431 0.339172 0.016209
0 0.765127 0.255611 0.144904 0.014963
0 0.570064 0.300499 0.200637 0.014963
0 0.765924 0.300499 0.143312 0.014963
0 0.277866 0.325436 0.332803 0.012469
0 0.570860 0.345387 0.199045 0.012469
0 0.280255 0.392768 0.328025 0.014963
0 0.893312 0.391521 0.085987 0.012469
0 0.224522 0.448878 0.257962 0.024938
0 0.519904 0.448254 0.256369 0.023691
0 0.808121 0.448254 0.246815 0.023691
0 0.882166 0.494389 0.117834 0.023691
0 0.882962 0.533042 0.119427 0.023691
0 0.881369 0.572319 0.119427 0.022444
0 0.882166 0.602244 0.117834 0.024938
0 0.517516 0.683292 0.837580 0.022444
0 0.517516 0.708853 0.840764 0.018703
0 0.208599 0.810474 0.226115 0.022444
0 0.420382 0.810474 0.117834 0.024938
0 0.729299 0.810474 0.423567 0.024938
0 0.282643 0.899002 0.157643 0.024938
0 0.508758 0.899626 0.275478 0.026185
0 0.804140 0.899002 0.273885 0.024938
0 0.342357 0.945137 0.277070 0.024938
0 0.627389 0.945761 0.277070 0.023691
0 0.858280 0.945137 0.165605 0.022444
