1 0.355025 0.085082 0.031301 0.020979
1 0.436573 0.085082 0.029654 0.020979
0 0.444811 0.121795 0.197694 0.010490
0 0.854201 0.121795 0.087315 0.010490
0 0.619440 0.141026 0.092257 0.011655
0 0.447282 0.159674 0.196046 0.011655
0 0.621911 0.160839 0.090610 0.011655
0 0.738880 0.158508 0.087315 0.009324
0 0.855848 0.159091 0.087315 0.010490
1 0.355025 0.235431 0.028007 0.020979
1 0.436573 0.236014 0.029654 0.019814
0 0.558484 0.272145 0.408567 0.010490
0 0.845964 0.270979 0.100494 0.010490
0 0.845964 0.290793 0.100494 0.010490
0 0.563427 0.332751 0.415157 0.012821
0 0.848435 0.330420 0.102142 0.010490
1 0.355025 0.385198 0.028007 0.019814
1 0.435750 0.384615 0.028007 0.018648
0 0.557661 0.441725 0.413509 0.011655
0 0.849259 0.422494 0.107084 0.010490
0 0.848435 0.460956 0.095552 0.012821
0 0.559308 0.480769 0.410214 0.012821
0 0.561779 0.566434 0.405272 0.011655
0 0.563427 0.625291 0.411862 0.010490
0 0.846787 0.604895 0.095552 0.009324
0 0.557661 0.662587 0.393740 0.010490
0 0.845964 0.705128 0.097199 0.013986
0 0.560132 0.705128 0.408567 0.011655
0 0.560132 0.743590 0.398682 0.011655
0 0.847611 0.762821 0.097199 0.012821
0 0.565074 0.801865 0.411862 0.011655
0 0.849259 0.841492 0.097199 0.011655
0 0.564250 0.862471 0.416804 0.011655
