0 0.121785 0.201867 0.134644 0.016336
0 0.421331 0.201867 0.137670 0.014002
0 0.721634 0.202450 0.133132 0.015169
0 0.270045 0.225204 0.137670 0.016336
0 0.421331 0.224621 0.137670 0.015169
0 0.573374 0.225788 0.139183 0.015169
0 0.875189 0.225788 0.137670 0.015169
0 0.122542 0.249708 0.142209 0.016336
0 0.420575 0.249708 0.133132 0.016336
0 0.723903 0.249708 0.137670 0.014002
0 0.271558 0.295799 0.134644 0.017503
0 0.274584 0.319137 0.137670 0.015169
0 0.571861 0.319720 0.133132 0.014002
0 0.873676 0.318553 0.140696 0.016336
0 0.421331 0.343641 0.137670 0.015169
0 0.724660 0.343057 0.139183 0.016336
0 0.122542 0.366394 0.130106 0.016336
0 0.272315 0.367561 0.139183 0.014002
0 0.572617 0.364644 0.140696 0.015169
0 0.873676 0.365228 0.137670 0.014002
3 0.284418 0.431739 0.426626 0.025671
0 0.776097 0.431739 0.305598 0.025671
