0 0.736409 0.160443 0.359143 0.015169
0 0.737232 0.179113 0.360791 0.015169
0 0.736409 0.198950 0.362438 0.015169
0 0.735585 0.219953 0.360791 0.015169
0 0.735585 0.239790 0.364086 0.015169
0 0.735585 0.260793 0.364086 0.015169
0 0.734761 0.284131 0.365733 0.017503
0 0.733937 0.321470 0.364086 0.017503
0 0.738056 0.379813 0.362438 0.015169
0 0.737232 0.420070 0.360791 0.016336
0 0.736409 0.446324 0.362438 0.015169
0 0.707578 0.500583 0.416804 0.016336
3 0.787479 0.910735 0.112026 0.029172
0 0.299835 0.584014 0.329489 0.010502
0 0.587315 0.584597 0.199341 0.014002
0 0.800659 0.584597 0.184514 0.014002
0 0.588138 0.628355 0.200988 0.012835
0 0.301483 0.627188 0.319605 0.012835
0 0.799835 0.627771 0.189456 0.014002
0 0.586491 0.648775 0.197694 0.014002
0 0.298188 0.672112 0.322900 0.014002
0 0.586491 0.693699 0.200988 0.012835
0 0.801483 0.693699 0.192751 0.012835
0 0.761944 0.739207 0.291598 0.015169
