0 0.497682 0.130227 0.102009 0.021505
0 0.629830 0.130824 0.103555 0.020311
0 0.759660 0.130824 0.091190 0.017921
0 0.626739 0.162485 0.094281 0.019116
0 0.887172 0.161290 0.080371 0.016726
0 0.763524 0.195938 0.105100 0.019116
0 0.494590 0.229988 0.092736 0.017921
0 0.624420 0.227599 0.095827 0.015532
0 0.888717 0.227599 0.089645 0.015532
0 0.629057 0.262246 0.098918 0.017921
0 0.759660 0.262843 0.103555 0.021505
0 0.156105 0.415173 0.176198 0.020311
0 0.406491 0.413978 0.256569 0.017921
0 0.889490 0.414576 0.081917 0.014337
0 0.690108 0.447431 0.236476 0.017921
0 0.161515 0.444444 0.162287 0.019116
0 0.404173 0.569295 0.251932 0.020311
0 0.692427 0.568100 0.231839 0.022700
0 0.163833 0.598566 0.179289 0.019116
0 0.410355 0.602748 0.248841 0.020311
0 0.687017 0.601553 0.230294 0.017921
0 0.888717 0.602748 0.089645 0.017921
0 0.161515 0.633214 0.177743 0.019116
0 0.690108 0.632616 0.233385 0.017921
0 0.891808 0.630227 0.083462 0.015532
0 0.187017 0.765233 0.234930 0.022700
0 0.434312 0.763441 0.191654 0.019116
0 0.680835 0.766428 0.193199 0.020311
0 0.441267 0.800478 0.208655 0.021505
0 0.680062 0.796296 0.188563 0.015532
0 0.190881 0.832139 0.230294 0.017921
0 0.436631 0.830346 0.193199 0.016726
0 0.870170 0.830944 0.111283 0.017921
