0 0.336364 0.483256 0.188811 0.021940
0 0.551049 0.516744 0.193007 0.021940
0 0.762238 0.482102 0.184615 0.019630
0 0.768531 0.549654 0.186014 0.018476
0 0.336364 0.549654 0.174825 0.020785
0 0.386014 0.118360 0.148252 0.017321
0 0.623776 0.118360 0.145455 0.017321
0 0.347552 0.161663 0.236364 0.016166
0 0.826573 0.165704 0.086713 0.015012
0 0.201399 0.323903 0.055944 0.015012
0 0.495804 0.729215 0.566434 0.015012
0 0.261538 0.762702 0.167832 0.015012
0 0.709790 0.761547 0.241958 0.017321
3 0.722378 0.812356 0.213986 0.017321
0 0.750350 0.864319 0.172028 0.017321
