0 0.534743 0.275641 0.815710 0.024476
1 0.111027 0.143357 0.019637 0.013986
1 0.110272 0.165501 0.018127 0.013986
1 0.109517 0.188811 0.019637 0.013986
1 0.109517 0.210373 0.016616 0.012821
1 0.110272 0.234266 0.018127 0.013986
1 0.111027 0.302448 0.016616 0.015152
1 0.111027 0.325758 0.016616 0.012821
1 0.110272 0.347902 0.018127 0.012821
1 0.110272 0.370629 0.018127 0.013986
1 0.111027 0.393357 0.019637 0.015152
1 0.111782 0.416667 0.018127 0.012821
1 0.111027 0.453380 0.019637 0.013986
1 0.111027 0.492424 0.019637 0.015152
0 0.259063 0.548951 0.246224 0.016317
0 0.441843 0.547203 0.095166 0.012821
0 0.441843 0.571096 0.092145 0.013986
0 0.259819 0.593240 0.250755 0.013986
0 0.574773 0.570513 0.149547 0.015152
0 0.714502 0.593823 0.102719 0.015152
0 0.857251 0.571678 0.158610 0.017483
1 0.111782 0.620629 0.018127 0.012821
0 0.534743 0.725524 0.812689 0.131702
