0 0.317578 0.227586 0.257016 0.016092
0 0.842688 0.225862 0.181684 0.012644
0 0.314623 0.247126 0.254062 0.013793
0 0.604136 0.268966 0.268833 0.016092
0 0.315362 0.287356 0.255539 0.013793
0 0.841211 0.308046 0.175775 0.016092
0 0.601920 0.348851 0.267356 0.014943
0 0.842688 0.348276 0.178730 0.011494
0 0.314623 0.370115 0.262925 0.013793
0 0.602659 0.429885 0.268833 0.013793
0 0.844165 0.430460 0.169867 0.012644
0 0.320532 0.448851 0.262925 0.012644
0 0.842688 0.510345 0.172821 0.013793
0 0.314623 0.554598 0.248154 0.017241
0 0.694239 0.576437 0.449040 0.012644
3 0.468981 0.863218 0.491876 0.013793
0 0.824963 0.863218 0.181684 0.013793
1 0.684638 0.174713 0.013294 0.009195
