0 0.442664 0.253301 0.166948 0.033613
0 0.639123 0.257503 0.151771 0.032413
0 0.822091 0.258703 0.139966 0.030012
0 0.634907 0.300720 0.177066 0.020408
0 0.827993 0.303721 0.155143 0.021609
0 0.438449 0.335534 0.165261 0.020408
0 0.639966 0.382953 0.183811 0.031212
0 0.827993 0.384154 0.151771 0.028812
0 0.440135 0.434574 0.175379 0.021609
0 0.639966 0.433373 0.177066 0.019208
0 0.826307 0.435174 0.148398 0.020408
0 0.440135 0.546819 0.168634 0.020408
0 0.828836 0.548019 0.153457 0.020408
0 0.642496 0.582233 0.172007 0.021609
0 0.440135 0.611044 0.158516 0.021609
0 0.829680 0.612245 0.155143 0.019208
0 0.646712 0.645258 0.170320 0.022809
0 0.443508 0.678271 0.172007 0.024010
0 0.639123 0.676471 0.175379 0.020408
0 0.442664 0.709484 0.163575 0.021609
0 0.646712 0.711885 0.170320 0.024010
0 0.442664 0.744298 0.166948 0.026411
0 0.831366 0.776711 0.151771 0.021609
0 0.435919 0.809124 0.163575 0.019208
0 0.638280 0.810924 0.160202 0.020408
0 0.639966 0.842737 0.166948 0.019208
0 0.828836 0.842737 0.153457 0.021609
