0 0.859729 0.105110 0.156863 0.017422
0 0.690799 0.135889 0.150830 0.018583
0 0.859729 0.164925 0.150830 0.020906
0 0.691554 0.196283 0.152338 0.018583
0 0.859729 0.226481 0.150830 0.018583
0 0.689291 0.256098 0.150830 0.022067
0 0.858974 0.286295 0.155354 0.019744
0 0.693062 0.316492 0.152338 0.022067
0 0.856712 0.344948 0.144796 0.018583
0 0.807692 0.429152 0.101056 0.017422
0 0.808446 0.504646 0.096531 0.017422
0 0.808446 0.551684 0.102564 0.013937
0 0.807692 0.641115 0.101056 0.016260
0 0.800151 0.868177 0.073906 0.015099
0 0.798643 0.913473 0.116139 0.015099
1 0.111614 0.702091 0.015083 0.010453
1 0.111614 0.732288 0.015083 0.010453
1 0.112368 0.762485 0.013575 0.010453
1 0.110860 0.792102 0.013575 0.011614
1 0.111614 0.821719 0.012066 0.010453
