1 0.322259 0.087689 0.029900 0.019744
1 0.410299 0.088269 0.029900 0.020906
0 0.428571 0.127758 0.222591 0.013937
0 0.889535 0.127758 0.117940 0.011614
0 0.432724 0.148664 0.227575 0.013937
0 0.686877 0.168409 0.240864 0.013937
0 0.891196 0.188734 0.117940 0.012776
0 0.432724 0.189315 0.230897 0.011614
0 0.682724 0.209640 0.235880 0.012776
0 0.435216 0.248548 0.232558 0.011614
0 0.686877 0.248548 0.234219 0.011614
0 0.890365 0.247967 0.116279 0.012776
1 0.323090 0.331010 0.031561 0.020906
1 0.409468 0.331010 0.028239 0.020906
0 0.414452 0.421603 0.194352 0.013937
0 0.576412 0.402439 0.079734 0.010453
0 0.789037 0.400697 0.079734 0.013937
0 0.576412 0.444251 0.079734 0.012776
0 0.684385 0.443089 0.083056 0.012776
0 0.894518 0.423345 0.107973 0.012776
0 0.895349 0.462253 0.102990 0.011614
0 0.414452 0.462834 0.197674 0.012776
0 0.578073 0.482578 0.076412 0.012776
0 0.413621 0.483159 0.199336 0.013937
0 0.682724 0.503484 0.076412 0.010453
0 0.787375 0.483740 0.079734 0.010453
0 0.412791 0.523229 0.194352 0.010453
0 0.578073 0.522648 0.073090 0.011614
0 0.895349 0.522648 0.106312 0.011614
1 0.621262 0.612079 0.029900 0.020906
1 0.702658 0.612079 0.029900 0.020906
1 0.620432 0.637631 0.028239 0.020906
1 0.701827 0.638792 0.028239 0.020906
1 0.620432 0.664344 0.028239 0.020906
1 0.701827 0.665505 0.031561 0.020906
1 0.620432 0.692218 0.028239 0.020906
1 0.702658 0.692218 0.029900 0.020906
0 0.460963 0.782811 0.280731 0.013937
0 0.903654 0.785134 0.089701 0.011614
0 0.676080 0.804297 0.086379 0.010453
0 0.903654 0.803717 0.089701 0.011614
0 0.461794 0.824042 0.282392 0.010453
0 0.790698 0.824042 0.093023 0.010453
0 0.904485 0.844367 0.088040 0.013937
0 0.461794 0.844367 0.279070 0.011614
0 0.460963 0.883856 0.280731 0.011614
0 0.457641 0.904181 0.280731 0.012776
0 0.460963 0.925668 0.280731 0.011614
0 0.676910 0.864692 0.084718 0.012776
0 0.790698 0.884437 0.086379 0.010453
0 0.789867 0.926249 0.084718 0.010453
0 0.679402 0.905343 0.076412 0.010453
0 0.906977 0.904181 0.086379 0.010453
