0 0.593081 0.110268 0.668863 0.019837
0 0.767710 0.140607 0.336079 0.017503
0 0.599671 0.177946 0.688633 0.026838
0 0.602965 0.277130 0.682043 0.022170
0 0.119440 0.565344 0.163097 0.024504
0 0.304778 0.567095 0.161450 0.021004
0 0.497529 0.599767 0.168040 0.021004
0 0.119440 0.603851 0.169687 0.017503
0 0.682043 0.570012 0.161450 0.019837
0 0.872323 0.599767 0.169687 0.021004
0 0.116969 0.781797 0.158155 0.025671
0 0.305601 0.815053 0.159802 0.022170
0 0.496705 0.783547 0.166392 0.017503
0 0.498353 0.817970 0.159802 0.021004
0 0.683690 0.780047 0.158155 0.022170
0 0.870675 0.819137 0.166392 0.018670
0 0.830313 0.899067 0.233937 0.012835
1 0.826194 0.352392 0.014827 0.011669
1 0.913509 0.352392 0.014827 0.011669
1 0.827842 0.385648 0.014827 0.010502
1 0.911862 0.385064 0.014827 0.009335
1 0.827842 0.418320 0.014827 0.010502
1 0.911038 0.418320 0.016474 0.010502
1 0.827018 0.452159 0.016474 0.010502
1 0.912685 0.452159 0.016474 0.010502
1 0.826194 0.661610 0.014827 0.011669
1 0.912685 0.661610 0.013180 0.009335
0 0.466227 0.855309 0.224053 0.011669
0 0.306425 0.867561 0.537068 0.010502
3 0.831137 0.866394 0.235585 0.031505
