0 0.225076 0.421820 0.283988 0.012835
0 0.624622 0.421820 0.128399 0.010502
0 0.816465 0.422404 0.209970 0.009335
0 0.460725 0.441074 0.157100 0.011669
0 0.818731 0.439907 0.214502 0.011669
0 0.224320 0.460327 0.273414 0.010502
0 0.461480 0.458576 0.161631 0.011669
0 0.626888 0.458576 0.135952 0.011669
0 0.817976 0.460327 0.212991 0.010502
0 0.223565 0.540840 0.268882 0.012835
0 0.626888 0.539090 0.141994 0.011669
0 0.820997 0.540257 0.219033 0.011669
0 0.461480 0.558926 0.158610 0.011669
0 0.225076 0.558926 0.268882 0.011669
0 0.626133 0.558926 0.140483 0.011669
0 0.821752 0.577596 0.217523 0.009335
0 0.462236 0.575846 0.160121 0.010502
0 0.226586 0.791132 0.283988 0.014002
0 0.461480 0.789965 0.164653 0.011669
0 0.629154 0.791715 0.143505 0.010502
0 0.818731 0.790548 0.220544 0.010502
0 0.461480 0.809218 0.158610 0.010502
0 0.628399 0.810385 0.138973 0.010502
0 0.819486 0.809802 0.216012 0.009335
0 0.222054 0.827305 0.274924 0.009335
0 0.626888 0.826721 0.135952 0.010502
