0 0.528701 0.079254 0.353474 0.018648
0 0.530211 0.097902 0.293051 0.016317
0 0.528701 0.115385 0.293051 0.016317
0 0.528701 0.134615 0.293051 0.015152
0 0.527946 0.190559 0.862538 0.033800
1 0.158610 0.222028 0.015106 0.010490
1 0.290030 0.222611 0.012085 0.009324
1 0.407100 0.223193 0.013595 0.010490
0 0.421450 0.237179 0.196375 0.015152
0 0.804381 0.230769 0.312689 0.016317
0 0.350453 0.296620 0.326284 0.017483
0 0.895015 0.296037 0.128399 0.018648
0 0.130665 0.326340 0.074018 0.016317
0 0.602719 0.325758 0.129909 0.017483
0 0.601208 0.385198 0.132931 0.019814
0 0.897281 0.385198 0.123867 0.019814
0 0.350453 0.417249 0.329305 0.020979
0 0.131420 0.475524 0.072508 0.016317
0 0.602719 0.477273 0.129909 0.017483
0 0.895770 0.504662 0.126888 0.018648
0 0.348187 0.536131 0.321752 0.018648
0 0.898792 0.567016 0.126888 0.019814
0 0.131420 0.626457 0.069486 0.017483
0 0.348943 0.657925 0.323263 0.019814
0 0.749245 0.625874 0.126888 0.016317
0 0.601964 0.686480 0.131420 0.018648
0 0.899547 0.687646 0.131420 0.018648
0 0.351964 0.745338 0.335347 0.017483
0 0.129154 0.807110 0.070997 0.019814
0 0.351208 0.837995 0.330816 0.020979
0 0.896526 0.807110 0.131420 0.019814
0 0.132175 0.924825 0.074018 0.017483
0 0.750755 0.895688 0.123867 0.017483
0 0.896526 0.926573 0.131420 0.018648
