1 0.343939 0.119767 0.018182 0.011628
0 0.310606 0.177326 0.448485 0.019767
0 0.653788 0.175581 0.177273 0.016279
0 0.784091 0.175000 0.046970 0.015116
0 0.837879 0.176163 0.036364 0.015116
0 0.897727 0.175581 0.059091 0.016279
0 0.309848 0.219767 0.446970 0.018605
0 0.651515 0.218605 0.181818 0.016279
0 0.848485 0.219767 0.160606 0.013953
0 0.509091 0.280814 0.842424 0.019767
1 0.375000 0.310465 0.016667 0.011628
0 0.693939 0.355233 0.190909 0.015116
0 0.216667 0.489535 0.281818 0.025581
0 0.429545 0.492442 0.095455 0.024419
0 0.612879 0.488372 0.243939 0.027907
0 0.846970 0.491279 0.169697 0.026744
0 0.616667 0.537791 0.251515 0.026744
0 0.210606 0.582558 0.284848 0.025581
0 0.429545 0.580233 0.092424 0.027907
0 0.615152 0.628488 0.251515 0.024419
0 0.849242 0.625000 0.159091 0.024419
0 0.220455 0.671512 0.277273 0.026744
0 0.430303 0.672674 0.090909 0.024419
0 0.846212 0.675000 0.165152 0.022093
3 0.381818 0.806977 0.506061 0.016279
0 0.788636 0.807558 0.304545 0.017442
1 0.831818 0.837791 0.012121 0.010465
1 0.890909 0.837791 0.015152 0.010465
0 0.263636 0.865116 0.227273 0.011628
3 0.511364 0.865698 0.231818 0.012791
0 0.687879 0.865116 0.093939 0.011628
1 0.794697 0.856395 0.013636 0.010465
0 0.884091 0.865116 0.107576 0.011628
0 0.473485 0.883721 0.456061 0.009302
0 0.472727 0.897674 0.457576 0.009302
0 0.860606 0.883721 0.151515 0.009302
0 0.856061 0.898837 0.166667 0.009302
