0 0.199857 0.186490 0.184814 0.012702
0 0.475645 0.186490 0.097421 0.015012
0 0.785817 0.184758 0.098854 0.016166
0 0.891834 0.209584 0.090258 0.017321
0 0.361032 0.210162 0.097421 0.013857
0 0.664756 0.209584 0.106017 0.017321
0 0.570201 0.233834 0.063037 0.017321
0 0.783668 0.257506 0.091691 0.013857
0 0.197708 0.255774 0.186246 0.015012
0 0.473496 0.255774 0.101719 0.015012
0 0.838109 0.338915 0.217765 0.024249
0 0.759312 0.370092 0.375358 0.024249
0 0.522206 0.432448 0.849570 0.024249
0 0.838109 0.465358 0.217765 0.027714
0 0.299427 0.537529 0.406877 0.024249
0 0.808023 0.536952 0.277937 0.025404
0 0.265759 0.608545 0.336676 0.025404
0 0.571633 0.607968 0.257880 0.024249
0 0.851719 0.608545 0.190544 0.025404
0 0.290115 0.655889 0.385387 0.025404
0 0.744269 0.655889 0.405444 0.025404
0 0.290115 0.704388 0.385387 0.025404
0 0.744269 0.703811 0.405444 0.024249
0 0.265759 0.775404 0.336676 0.024249
0 0.570917 0.775404 0.256447 0.024249
0 0.851003 0.775404 0.189112 0.024249
0 0.290115 0.823326 0.385387 0.025404
0 0.744269 0.823903 0.405444 0.024249
0 0.290831 0.870670 0.386819 0.025404
0 0.744269 0.871247 0.405444 0.024249
0 0.265759 0.942841 0.336676 0.024249
0 0.571633 0.942263 0.257880 0.025404
0 0.852436 0.942841 0.186246 0.024249
