0 0.512085 0.094186 0.105740 0.023256
0 0.651813 0.093605 0.107251 0.022093
1 0.740937 0.076744 0.016616 0.013953
1 0.740937 0.100000 0.016616 0.013953
0 0.787764 0.137209 0.234139 0.025581
0 0.787009 0.168605 0.232628 0.018605
0 0.665408 0.195349 0.475831 0.020930
0 0.716012 0.223256 0.377644 0.020930
0 0.574018 0.364535 0.087613 0.019767
0 0.891239 0.365116 0.087613 0.018605
0 0.679003 0.396512 0.086103 0.020930
0 0.783233 0.395930 0.083082 0.019767
0 0.576284 0.428488 0.089124 0.019767
0 0.891239 0.460465 0.084592 0.018605
0 0.569486 0.462791 0.081571 0.020930
0 0.784743 0.493605 0.089124 0.019767
0 0.676737 0.527326 0.087613 0.019767
0 0.886707 0.556395 0.093656 0.019767
0 0.783233 0.591279 0.080060 0.017442
0 0.574773 0.591279 0.095166 0.019767
0 0.572508 0.652326 0.087613 0.018605
0 0.678248 0.653488 0.087613 0.018605
0 0.887462 0.652326 0.089124 0.018605
0 0.572508 0.716279 0.087613 0.020930
0 0.886707 0.717442 0.081571 0.018605
0 0.678248 0.747674 0.084592 0.018605
0 0.570997 0.780233 0.090634 0.018605
0 0.783988 0.809884 0.084592 0.017442
0 0.888218 0.779070 0.093656 0.018605
0 0.680514 0.841860 0.092145 0.018605
0 0.569486 0.875000 0.081571 0.019767
0 0.885196 0.875000 0.087613 0.019767
