1 0.168103 0.155269 0.025862 0.023543
1 0.283046 0.156951 0.025862 0.026906
1 0.308190 0.217489 0.024425 0.022422
1 0.224856 0.241592 0.035920 0.025785
1 0.209770 0.276345 0.022989 0.019058
1 0.165948 0.356502 0.027299 0.024664
1 0.165948 0.387892 0.033046 0.026906
1 0.250718 0.410874 0.027299 0.023543
1 0.250718 0.443946 0.033046 0.024664
1 0.246408 0.526345 0.024425 0.021300
1 0.272270 0.553812 0.027299 0.024664
1 0.283764 0.584081 0.030172 0.022422
1 0.235632 0.613229 0.031609 0.026906
1 0.239943 0.641256 0.028736 0.022422
0 0.515805 0.786996 0.824713 0.143498
