1 0.162387 0.155012 0.025680 0.025641
1 0.281722 0.155594 0.022659 0.015152
1 0.311934 0.212704 0.031722 0.022145
1 0.225831 0.243007 0.022659 0.019814
1 0.198640 0.275058 0.028701 0.016317
1 0.164653 0.357226 0.030211 0.015152
1 0.154834 0.387529 0.031722 0.015152
1 0.252266 0.415501 0.033233 0.022145
1 0.242447 0.441725 0.028701 0.011655
1 0.234139 0.526224 0.030211 0.015152
1 0.262840 0.555361 0.021148 0.015152
1 0.272659 0.583916 0.031722 0.018648
1 0.237915 0.611888 0.034743 0.016317
1 0.225831 0.643939 0.025680 0.019814
0 0.530967 0.754079 0.862538 0.079254
